38.0788     77.0502     41.329     0.779271
50.8837     64.2521     3.66082     0.408722
22.3361     45.5616     40.9776     1.78295
24.8559     2.16005     49.8333     4.09519
85.5118     20.2101     33.0853     1.4613
27.2259     55.1907     33.7928     0.141692
76.0942     5.00392     31.4364     1.34889
19.2675     26.9176     11.2579     0.238963
40.7583     11.0221     4.55909     0.500718
55.7751     60.1006     42.7123     0.145138
48.7869     19.4299     0.565539     1.8611
50.5449     36.0692     40.582     1.58808
80.3396     82.7703     14.3672     2.08588
27.2174     71.4368     6.21432     2.7593
99.0084     43.1813     13.9991     0.531814
9.50039     50.3611     39.0196     1.79601
11.2222     63.6867     41.1263     0.511533
6.86799     10.2509     10.4335     0.818419
60.6121     98.9062     26.1443     0.938036
86.9707     44.6788     23.0801     2.47114
86.4751     23.398     22.704     1.04445
43.5568     5.31799     43.7217     1.67937
0.302104     36.6832     14.7797     0.576216
0.369965     11.812     10.8775     0.361898
39.3102     5.56249     27.9059     1.31404
50.2413     1.97209     37.8518     1.83582
26.4296     45.0488     1.25717     1.33659
88.8411     50.0594     16.4701     1.40756
55.6219     88.7521     27.2161     0.293162
90.7242     30.1358     21.2898     0.804713
2.67583     98.4076     14.7218     0.26544
11.3539     78.0673     24.7349     0.00974924
12.0514     63.0849     48.4484     1.17026
3.03808     57.1324     40.1933     0.754474
26.3161     14.1909     48.2028     0.0573731
53.9967     8.20619     4.17768     2.84022
90.7727     30.9174     0.347717     0.5495
8.20084     39.1902     36.1798     1.59254
1.28515     3.00827     42.1388     0.766332
86.6847     36.6433     32.0465     0.650041
50.8342     60.4986     7.07414     0.241545
68.7048     22.5036     30.8176     1.52751
64.9401     96.3889     45.1841     1.68224
1.21244     32.5968     27.476     1.24746
66.794     90.3194     31.9692     0.0748545
14.0183     28.8452     41.203     0.66543
11.963     11.1931     39.1533     0.336195
17.3117     57.4312     12.6716     1.5665
86.2764     7.74928     22.3193     1.58938
66.9807     37.3811     45.2572     1.21765
2.72214     56.9393     12.1466     2.27329
16.71     85.694     8.80764     1.70108
43.1251     42.9585     32.6758     1.47007
40.958     39.7001     11.1249     0.660365
92.9556     2.19707     20.0578     0.483281
87.891     57.7309     21.8436     1.55081
0.689455     9.03886     30.2088     2.56986
23.2131     58.4041     5.41188     0.757045
7.63735     40.729     4.91596     0.41634
91.8562     77.394     14.3919     2.65815
44.8402     18.7893     28.7283     1.78825
21.778     42.5757     19.8407     1.95458
44.5538     44.035     13.5538     0.759917
61.2909     72.3965     4.528     1.84754
36.8439     64.4879     4.55712     0.276984
18.9862     23.695     40.9364     0.710676
48.1077     66.5327     29.6043     2.1385
10.9167     73.0006     14.6442     1.63474
82.7657     82.2631     22.4113     0.0875949
5.95806     26.6954     7.98271     2.70329
93.2281     75.1741     48.4179     0.207244
95.0937     8.62603     11.9406     0.404915
34.0221     70.1388     48.2177     1.99901
87.5749     90.8817     47.1036     1.78748
17.0057     31.0469     49.7503     0.60497
22.5916     2.59147     13.0019     0.309292
96.2316     4.61399     46.1096     0.407471
15.3031     68.7781     17.4968     1.61544
99.825     34.4942     22.2041     1.9749
18.8738     43.1615     42.2964     1.70884
11.9396     19.5864     33.2428     0.588229
54.0806     10.8939     25.6313     0.597836
57.9507     77.7045     20.8194     2.71794
52.1158     5.71573     19.2205     1.28977
0.168147     7.03166     5.57207     0.952098
30.5984     25.1598     40.6803     0.30491
63.1133     73.7851     24.3977     0.688077
52.8631     54.9215     40.8592     0.54069
17.4182     1.50189     11.4855     1.63707
57.291     6.6984     49.4515     0.507702
89.754     89.5247     31.1464     0.01996
12.0777     84.2086     30.6828     1.66421
81.077     63.5109     42.5445     0.155254
47.0168     42.992     44.1233     0.215389
49.6904     87.1495     7.23091     0.565514
21.5701     84.5437     2.40067     0.566202
51.1128     29.598     45.0499     0.0401608
39.9913     17.6696     28.1341     3.07807
28.1636     84.6086     30.7782     0.291677
57.5694     75.455     47.7906     0.736943
69.9478     90.7634     12.6003     0.496955
8.43304     81.4686     35.7502     0.53232
90.7295     54.288     32.0766     0.87317
0.599016     70.7311     16.5751     1.47967
71.7481     81.967     44.9974     1.01864
21.4066     85.3049     46.466     1.31162
59.2649     6.17342     0.503062     1.19942
41.9321     80.9477     13.4872     2.12655
69.8101     88.282     7.02478     2.5806
13.8305     14.1382     48.9315     1.76186
60.789     33.084     16.3289     0.623389
93.2086     4.78229     41.6811     3.15093
29.2752     38.774     38.1483     2.15528
52.9122     74.1596     39.1714     2.61776
2.28814     93.7598     1.75352     2.52414
73.601     9.61664     20.3047     1.7195
78.0494     30.22     49.4639     3.55568
52.3323     46.2166     0.00633921     0.262225
18.1679     68.6631     23.627     1.0228
60.3778     11.5482     35.207     0.153919
51.4737     3.89835     16.0152     0.190304
10.3986     66.6504     27.911     1.42833
53.8372     19.9614     16.8802     0.710746
31.5096     4.17422     8.64666     0.816243
94.1962     13.1679     22.0305     2.2835
8.13455     58.5266     18.8361     0.926657
25.177     93.4942     23.5498     3.02453
96.5702     96.1222     29.1135     2.52037
96.1615     81.9156     31.959     0.880368
6.69741     27.5387     20.2615     0.741598
86.0654     78.1953     16.6826     0.562119
71.6895     80.4648     35.8665     3.41298
21.947     83.2893     20.1319     0.905424
65.2049     4.1818     17.8579     0.170067
47.2894     22.2608     17.897     0.178246
37.5305     97.7474     40.2257     0.136767
73.7826     45.6338     43.0276     0.708923
99.8749     43.5389     38.2607     1.87027
88.2081     45.2177     1.43133     2.19977
78.9766     65.8217     32.3866     0.599641
29.1683     74.8328     16.6175     0.147548
20.4665     19.2903     8.56471     1.01707
62.8292     93.6508     28.8734     0.205777
50.6235     97.8876     23.6655     1.18817
83.3685     46.6922     41.4425     0.626844
21.525     16.12     7.74392     2.09958
35.9926     99.8141     13.2266     3.57015
32.4314     88.7862     34.8212     2.93497
8.8661     71.9976     17.7954     1.34168
21.6837     36.2457     44.483     0.556758
69.368     98.8819     41.7688     0.268029
98.696     9.99087     38.3818     1.55637
98.7771     46.406     44.9134     0.38216
18.4036     25.4176     17.2384     2.00437
61.6634     23.4426     25.6112     1.69476
42.3102     18.5814     45.9511     0.583907
17.4633     75.4399     8.51936     0.807965
62.5311     26.3278     49.3496     1.20972
86.7137     38.397     8.97197     2.17003
96.0412     21.4603     36.6039     1.81247
58.5737     65.0589     47.4306     1.05524
91.3867     93.5604     22.6496     2.05786
43.482     3.38902     48.9208     1.50979
60.3212     99.1736     14.1746     0.105361
14.9592     1.94553     37.5526     2.63572
77.8354     21.764     8.65236     0.489488
68.883     55.7879     48.7453     1.46021
2.28189     85.9959     4.31103     1.38875
33.4729     93.4979     33.0671     2.72349
50.7956     79.3852     15.3681     0.375063
28.4568     58.3826     23.5725     0.123628
93.208     0.447183     39.3851     0.701461
62.3714     82.8429     2.20048     1.66177
8.97188     8.98867     12.4952     0.580657
7.02519     68.7575     11.1907     2.89104
48.1427     53.1177     32.661     0.367254
88.0766     57.5705     0.010169     0.826673
15.9532     47.1654     9.50302     0.458056
47.6126     97.7762     11.5952     0.499198
99.4719     17.6378     23.6416     0.819325
44.0753     1.04488     20.8578     1.61454
89.3737     80.368     47.6175     1.27306
24.2056     95.3276     18.3629     0.668733
84.5943     16.9271     32.5054     2.29427
12.7051     73.6495     6.55949     2.05574
97.7191     27.0392     3.94364     2.08972
16.3115     45.8637     23.4168     0.0452881
6.91169     73.1574     28.3919     0.980842
29.7259     85.4027     8.60336     1.94896
6.38657     26.3445     36.219     1.1349
31.116     70.3949     47.5252     1.90138
21.737     18.376     17.4426     0.93395
86.9949     21.2057     21.8525     0.260825
81.6113     86.1888     26.7045     0.566861
42.0261     24.2799     2.08374     3.6571
94.6748     99.2179     5.58488     1.91136
87.1903     63.4718     45.734     3.70926
3.42624     27.9425     35.4658     0.0193225
45.8492     57.3762     48.3907     1.65198
20.848     88.2495     3.61232     0.276276
19.4369     49.4403     18.869     1.14316
63.7031     95.517     31.7297     0.477617
48.4903     49.8165     39.6334     3.59564
36.4428     51.081     8.34872     2.79398
79.1188     87.6927     22.4471     0.778078
38.7737     61.5915     35.7206     1.96475
28.3364     9.08726     20.2916     0.506402
56.5959     53.2389     35.4048     1.78574
72.9014     36.1997     36.2271     1.25388
59.3829     94.9687     36.0253     0.467647
73.5467     31.4096     16.4827     0.723912
47.1132     84.2417     47.0918     1.22041
49.3836     90.1847     2.46911     0.438324
85.1534     76.9888     9.05971     1.1092
57.3359     90.8974     43.7754     2.33851
4.25862     63.0457     4.77102     2.24567
83.3535     70.1421     21.0821     2.84501
1.55165     75.1297     35.6892     2.43324
78.7459     90.8036     23.0956     1.40648
45.9129     75.8764     16.1122     2.50858
38.9221     41.7664     47.5425     1.11378
11.9085     37.2492     39.5879     0.673007
26.0016     84.2721     11.4958     0.349491
22.9646     6.07252     49.2655     1.74366
43.3217     77.7068     24.1666     2.78503
22.1184     51.7792     24.3625     1.85108
78.897     8.82511     13.4125     0.0930817
3.06283     85.068     6.95992     1.56619
6.90226     14.94     6.42019     2.8353
43.2672     90.6362     18.1553     2.82517
42.9733     33.898     34.5468     2.89355
67.5364     97.052     15.8521     2.79357
39.6979     63.7031     25.2649     0.361717
46.3081     19.8617     32.6768     1.22265
64.5852     9.44777     31.1861     0.214155
73.1508     12.9021     5.75872     1.69529
95.1362     74.6232     12.9306     0.807374
60.8324     91.9899     4.91698     1.96193
90.1632     35.4496     7.83514     1.82356
36.6905     34.5221     26.2066     0.0637861
43.9698     14.7855     2.77941     0.856034
27.6876     17.0763     25.5133     1.14119
91.6994     76.8877     19.4856     2.62659
84.2549     7.44064     47.756     1.97831
88.4645     56.4364     1.31288     0.509327
91.3395     30.6618     37.7783     1.4015
54.1887     32.238     48.086     1.15331
34.0554     7.49006     47.017     1.26974
38.1519     69.5906     26.7124     0.16679
97.5603     82.7306     6.24478     2.01578
36.2633     9.34821     46.6599     0.86533
94.9591     70.5552     6.24804     1.65555
48.6515     48.9364     39.0109     3.31233
87.7004     88.7803     17.8913     0.188268
58.307     67.3389     23.1877     2.77988
95.3476     95.4089     22.2597     1.77467
61.3298     80.9662     36.5997     0.499067
29.9026     51.2212     38.114     0.880146
40.0015     12.0106     10.6841     1.64035
60.9694     95.3873     30.938     0.963824
62.7262     8.25145     37.437     0.274595
37.2317     23.1453     0.651733     2.68405
47.9377     84.2163     32.5447     2.16427
90.5749     51.9782     25.4681     1.02387
39.1749     59.4487     38.004     0.00721751
54.836     37.8839     9.71041     0.878107
11.7461     87.442     14.5769     0.11605
7.25433     60.8788     42.9102     2.32146
46.1537     5.26581     10.6262     2.6704
70.1409     43.6762     25.212     0.513903
61.9625     40.953     31.5739     0.405809
46.2188     84.4002     30.7621     0.618172
50.1392     33.8893     33.3226     0.605083
74.8423     29.7931     10.1089     1.05305
14.1933     81.7421     16.7123     0.283319
92.7313     95.0285     35.5267     0.378187
38.4777     63.9256     46.2685     1.28015
31.9604     92.825     2.13477     0.340135
22.618     24.4874     13.9319     1.84057
93.5484     8.51837     0.104454     4.31399
3.54686     71.2624     46.9218     2.10123
74.1689     90.295     43.2297     0.809879
88.3661     12.6391     4.18273     1.01632
5.46405     12.635     13.5646     1.4041
16.2813     7.37118     46.3424     0.491488
15.8896     92.8938     48.0548     0.971821
87.7005     55.2053     37.1992     1.24114
10.1983     39.2918     34.0874     1.32398
53.7534     32.4189     40.9945     0.895476
87.2206     15.908     49.8358     1.40364
88.359     79.2839     2.09705     0.536548
80.4551     58.6444     43.5971     3.38379
18.9253     47.6966     45.3588     0.350231
10.3918     7.70522     36.7687     1.25026
84.5617     74.8856     22.2867     0.144377
84.7668     80.279     12.6853     0.911305
3.80506     37.3272     13.1189     0.709842
45.0324     99.7752     19.601     1.14377
68.9362     4.45003     44.3128     2.6749
43.1507     0.332631     38.8445     1.39587
44.8137     61.9766     36.8943     1.20747
95.1754     30.1741     10.3744     1.9163
30.5067     98.4378     33.1218     0.555919
31.9641     35.5979     23.297     1.57765
63.536     19.2093     3.10222     0.744526
59.5731     79.5555     17.5906     0.219339
41.532     8.96985     14.2681     1.83537
70.4528     18.4077     47.679     0.120846
54.0056     41.952     16.985     0.877082
61.1613     40.1744     16.2161     1.03672
76.5832     53.6573     48.9847     0.786358
42.4511     90.9898     3.18865     0.645193
43.6872     49.2908     40.4724     0.242428
89.4652     13.3769     12.7915     0.459756
4.36146     68.4265     36.6503     0.365191
44.7919     2.58953     40.1512     1.71286
82.3358     27.8309     34.1273     1.18826
86.5094     26.2236     39.7374     0.566745
84.078     3.12886     39.3057     1.64611
45.9301     46.7505     38.7477     0.0111545
9.44446     34.6431     24.1419     0.00740618
17.4947     92.3921     36.5938     1.40885
68.3432     15.7445     33.5936     1.39512
99.1453     9.1814     18.6526     0.429489
77.8643     3.9462     4.96077     0.574225
68.8399     16.6025     33.6372     1.03789
3.83306     77.95     15.3786     1.28978
98.9184     8.9336     45.7913     0.273788
50.6405     4.39346     23.4939     1.80378
7.36924     29.2388     17.847     0.560115
7.18883     66.4511     18.4989     0.30536
58.8858     21.3662     24.6598     0.476316
25.7597     96.3075     22.801     3.64857
53.7822     52.6756     1.30409     1.45834
81.256     14.1912     0.199776     1.42626
10.5914     81.5386     13.5728     0.384876
66.114     27.8506     13.7125     0.99481
44.2243     49.4627     45.1537     3.00063
61.7987     18.8873     13.4575     0.925579
64.8708     95.6893     33.4894     0.324135
94.8647     9.5455     24.6553     1.95445
41.0113     33.7884     44.1299     0.140498
52.6757     15.1748     10.6608     0.0682795
6.77726     7.2673     0.306445     0.688978
70.6408     50.6186     3.0263     1.48245
90.2367     5.15419     37.2199     1.5624
77.8745     55.3795     46.492     3.81908
52.5341     3.12114     27.975     1.15874
53.7398     62.0026     26.4119     2.19882
67.1568     27.2636     37.6122     0.304971
64.6618     90.7017     22.1097     0.495324
44.3324     83.979     20.3528     1.27944
93.5992     31.5316     6.81115     0.524334
18.5566     55.4231     49.3396     3.61482
79.1014     80.7871     37.6739     1.17169
76.7031     16.4384     21.8693     3.87413
61.0934     18.2719     3.68667     1.29298
28.5188     58.2543     1.04131     1.66785
81.0657     9.73847     39.7573     0.00531739
53.6759     15.6911     6.63906     0.0786331
73.2619     6.94363     12.1314     1.82703
31.6134     49.7765     17.0723     0.633956
0.997738     35.9145     24.9585     2.73368
68.2801     89.3361     28.7652     0.695987
99.3488     64.0777     45.0328     0.0173264
99.9922     39.9826     27.5101     2.57989
93.6853     66.6421     35.6019     0.217967
91.9564     72.8496     44.1477     1.21072
63.3928     64.6365     4.82181     1.58365
53.9725     67.174     22.7964     2.66607
19.9544     13.8166     36.4926     0.681982
80.4587     44.189     8.99949     3.62075
17.0386     6.29429     48.3148     0.789843
49.3519     99.884     5.06594     0.166222
19.0016     12.3954     22.9212     1.9478
26.212     18.8276     26.2978     0.33353
76.8889     75.7152     47.926     4.59775
60.4306     86.0924     35.2069     0.489127
36.2703     69.7527     25.672     1.38266
93.2929     40.5194     19.0119     0.975241
59.347     90.6195     13.0877     1.11818
81.0176     64.2965     11.6869     0.864398
34.0492     74.7178     22.4706     0.705778
80.1376     51.2074     34.2065     1.97423
41.8269     94.5884     30.9241     0.15205
71.6738     73.4224     8.62029     2.63457
54.5388     99.0671     9.92777     1.73382
53.6251     73.7051     2.98439     0.194982
16.1389     91.1434     13.7685     0.820754
27.4298     91.0692     39.6146     1.74591
76.8343     88.9442     7.04018     1.80109
56.1604     20.2216     17.9065     0.489278
21.9115     9.68624     0.365415     1.90252
0.829682     28.2677     27.2328     1.41298
22.6388     77.2581     16.0965     1.92693
66.7234     88.3804     17.7398     1.14419
8.60195     71.2927     16.3347     0.126433
87.4276     27.5019     42.565     0.338224
26.4892     22.5261     21.9466     1.97818
75.088     66.9219     27.837     1.81423
86.876     9.27014     30.4805     0.981931
52.6552     48.9379     8.80509     1.38716
15.8598     73.2842     32.0139     1.55447
26.6414     61.4381     9.81013     0.67587
70.7082     80.5812     16.578     1.75875
31.3989     94.1592     13.0654     0.237138
99.0556     56.6503     23.4837     0.313713
61.7195     14.1133     37.4874     0.718733
90.2933     81.8854     11.6978     0.846733
43.3235     43.0158     15.226     0.701584
23.597     63.6081     24.6033     2.7498
57.7673     75.3374     29.8693     2.84115
73.3931     70.3431     5.21419     0.202511
45.992     94.8664     11.7633     0.0329729
71.9021     96.8447     27.0797     0.423433
95.8773     26.3831     38.5114     0.0807982
61.7041     39.2842     14.0869     1.75486
9.62732     38.6022     19.5737     1.50851
67.7869     77.9454     18.7843     1.98445
74.7902     91.728     24.0789     3.53338
93.7836     11.3204     4.33797     1.4187
41.9053     67.1396     37.758     2.9795
87.6965     79.8874     9.65689     0.290378
92.0546     0.534931     21.8124     1.55571
59.2074     90.6618     38.376     0.0556302
15.0711     5.82527     35.3405     0.13838
94.7328     3.93798     2.38042     2.46637
51.8249     86.7467     48.8527     0.551615
77.4085     74.4574     6.07245     1.7605
91.9501     91.3607     48.4695     0.351059
57.6149     18.364     36.8396     1.96035
12.5618     33.9923     6.42688     0.364732
25.6055     27.3533     42.3756     1.13957
12.904     79.3691     45.8977     1.27329
22.2637     89.3824     20.5235     1.33125
97.5681     13.7066     16.667     0.523601
93.0757     25.1293     17.9689     0.321855
29.7784     68.6982     28.8644     2.6021
58.0806     98.7758     39.3336     0.089516
85.6896     1.20699     39.2587     0.773398
69.9052     36.2461     33.755     1.39929
35.0219     46.1772     14.8881     3.78161
61.1345     75.0137     6.76976     0.918176
40.3116     40.7659     36.5803     0.965806
39.6368     69.9136     1.24187     0.477104
71.3651     87.8233     47.5431     3.88577
94.7568     12.8184     22.3871     2.79456
99.0797     47.4154     23.7299     0.0202939
85.8453     38.8562     43.7108     1.27411
8.76981     89.9054     17.5121     0.74648
39.8562     72.9252     12.7402     0.561065
33.0668     96.8207     45.7552     0.945603
68.8374     79.4184     29.6881     1.43683
25.6958     16.0631     2.72808     0.886029
1.71441     54.817     4.41252     1.73906
79.2674     98.0874     15.8806     2.40524
77.5058     91.1375     38.4207     1.47381
16.3359     48.8655     23.5142     2.10159
68.9127     55.1175     23.127     2.409
5.84111     15.0143     14.7498     1.10885
63.8798     76.5281     32.1044     1.44042
29.0127     23.961     47.7258     1.81572
51.9932     41.5077     4.81559     0.259902
79.0423     96.0957     32.2265     1.69084
50.2826     30.0265     2.80191     0.70812
6.55457     69.8126     21.4854     1.77836
24.4937     81.2942     38.0847     0.10397
6.72282     91.11     40.5037     0.663869
60.9226     23.9782     24.4223     2.73481
46.1654     77.4793     12.3354     0.473783
5.87738     41.512     25.9141     1.51856
22.8062     27.9977     16.2253     1.96843
4.694     17.9567     3.10674     0.570841
54.4647     56.2884     39.316     0.0315039
33.7677     3.30269     5.05287     1.98225
20.4234     13.2029     3.02125     1.4745
0.423714     30.7367     49.7397     0.581138
12.8091     59.2998     22.4765     2.32884
62.6025     55.0588     43.1109     0.370858
16.9928     56.2381     37.519     0.346225
32.2624     92.4992     20.5729     1.10603
81.1134     11.3968     4.20292     2.18579
66.4556     94.6277     25.5665     4.17242
50.8658     26.171     45.1865     0.478528
8.19844     91.9231     44.3493     0.171437
99.5157     97.3169     49.5414     1.89225
5.41454     6.35954     40.225     1.88385
98.8587     21.5958     29.8988     2.39393
43.4094     26.2413     4.85383     1.22614
37.6381     18.1135     34.1193     0.204683
88.3236     19.0571     38.5884     1.29808
37.1706     45.4154     15.0277     2.49559
64.787     17.5974     6.75941     0.516482
48.5726     21.2406     17.3521     0.388291
29.5518     74.6582     0.788058     1.93982
36.7405     10.9256     45.7252     1.2532
36.1484     45.9923     46.0345     3.28501
20.6505     93.6451     2.24833     2.86955
4.57066     95.9471     41.2275     1.72767
14.5618     18.7717     28.7233     0.662015
11.9841     67.5631     15.0706     0.827736
63.5102     12.5962     25.554     1.40423
71.5864     64.1481     36.9395     1.0471
10.7539     81.3102     43.789     0.529485
48.2826     20.0667     42.448     0.475022
29.505     69.933     25.5121     2.07445
37.4961     81.1655     29.0219     0.0503127
93.7617     9.15186     14.5454     1.99193
61.9665     35.7923     0.238667     1.67765
99.9404     74.3564     27.2475     0.534714
55.6666     42.0729     10.642     0.197461
90.2493     17.6122     44.1701     1.38727
55.5359     57.8424     16.189     0.87512
47.6232     25.5533     33.4137     0.488138
31.7334     80.2771     49.0383     2.45397
38.827     54.7483     46.196     2.30193
60.2986     96.6613     4.45847     0.396088
22.2146     75.7444     8.84227     2.6974
83.2287     66.0458     21.8784     0.69417
13.3855     17.3507     0.0369967     0.928382
58.5153     9.7764     4.09406     0.940696
6.43767     17.1051     13.3678     1.43261
18.9895     47.0664     40.8488     1.61875
85.188     15.5185     13.3484     2.48026
45.3106     89.7503     4.30556     1.02464
79.3537     21.8046     44.2621     0.668868
27.8156     42.3945     32.5131     0.157395
14.3656     24.1665     7.65468     0.582785
2.25806     94.2151     1.92405     0.992813
53.8251     83.9019     15.3028     1.71706
82.749     28.0752     0.0227292     4.85573
52.2418     15.3548     4.38515     2.70238
68.0088     3.25461     0.910054     0.394817
24.6214     73.6625     46.5472     1.78692
54.116     98.7853     13.1046     2.8187
45.0544     67.6418     42.5352     0.653158
60.5529     14.054     15.6281     0.733446
12.8393     57.4654     35.5215     0.291983
87.5227     47.2733     49.2411     1.45052
83.6769     42.0155     39.5456     1.43656
51.052     62.7539     38.0357     0.580243
64.7929     97.3168     47.7434     2.61578
59.6267     91.5006     14.9538     2.16518
73.1603     13.8293     11.8634     1.21061
76.5832     99.7982     17.9086     2.66955
59.4076     38.5249     12.1172     0.199885
90.8242     56.7913     7.07006     1.21701
65.7901     86.175     33.7567     1.94752
0.00432152     91.2404     31.5813     3.82938
61.0706     73.0167     35.0415     1.02391
99.8777     15.443     44.5402     0.554373
14.7666     15.9642     40.962     0.279538
72.7555     96.0641     14.9655     1.92728
39.6384     88.8095     38.9439     0.0354471
42.2882     45.6631     8.70166     2.1083
31.2414     11.3944     16.8745     0.674022
43.3642     55.1349     46.1255     0.259522
3.10571     13.4382     39.2791     2.26969
59.1012     95.9616     43.7799     1.01036
2.44531     40.8132     48.04     1.24466
75.9905     77.5433     10.0483     0.361593
65.0908     16.4361     47.6501     0.849727
70.9909     72.5474     4.26829     0.717756
27.6823     0.787587     9.77278     1.5394
21.7194     85.9684     5.13584     2.47009
86.7559     29.8172     40.0949     0.0490843
27.9211     56.3716     37.1543     1.09933
20.1133     67.8429     9.24865     1.23341
57.4571     39.9013     2.60681     1.23073
83.7535     14.6173     11.1613     0.273645
91.436     62.632     6.15963     0.577467
27.8378     66.0537     31.1543     0.579567
30.8652     20.2705     41.5963     0.576813
4.90179     0.256862     46.3965     1.10637
18.3129     71.7348     38.8191     1.89332
54.0241     87.6267     43.9475     3.3565
33.8328     25.8554     25.4768     1.07351
76.3625     86.897     21.7648     1.00629
21.7619     74.9198     47.0551     1.33318
75.1767     86.9031     24.3956     2.36862
91.8362     92.3685     21.7224     1.28345
81.2954     90.6686     7.35613     1.6502
92.16     6.43942     7.78895     0.696092
81.3592     9.68803     20.2928     2.82679
96.5911     89.3767     1.95412     2.24427
8.33474     81.983     26.0971     1.32793
76.3814     99.3332     10.5725     2.88384
15.9468     36.6691     40.0959     0.626895
14.5795     68.9159     14.1008     2.46343
27.3211     40.9206     41.3906     0.866143
76.7778     73.462     49.7423     0.953725
7.02213     65.6288     12.1307     1.08008
34.5447     52.4631     35.4351     0.971345
74.6518     32.4193     46.5151     0.0986443
73.3399     75.8112     9.64787     2.50589
49.2732     18.7804     34.5961     1.4497
98.4958     29.1303     31.7343     1.65203
81.5933     34.3387     26.2337     0.0398134
95.7035     90.1804     7.91529     0.502603
22.4742     41.7488     6.63951     1.00024
2.04396     43.7316     26.7926     0.207347
84.2238     10.2231     20.5473     2.87914
62.1922     34.3333     17.2987     1.9407
91.6963     7.62401     48.2193     0.708524
36.9142     21.8392     35.9933     1.94791
35.7949     84.1998     3.68875     0.37624
12.1131     1.55367     38.5077     3.0743
11.8948     23.5666     9.83197     2.40681
32.348     33.4054     28.8548     2.51276
88.6243     3.21217     1.9787     1.40215
56.0923     65.1843     35.7852     2.28938
96.3432     30.3205     39.8159     0.642039
12.4053     60.2735     45.5278     2.21349
0.286176     12.3473     3.13568     1.63171
15.3896     75.7048     40.1226     0.58664
6.0253     59.877     12.2868     1.8525
25.4567     71.0252     2.69542     1.28714
83.3725     11.6622     29.1885     1.45626
75.6431     41.2665     31.7511     2.14181
10.8994     8.72397     43.5174     0.846235
68.6009     11.6084     26.9874     0.865833
76.7915     33.9442     39.2189     0.11241
27.6346     80.9692     6.98504     2.7874
15.2863     64.3715     21.0528     1.30928
40.7488     97.0851     29.5065     0.877017
31.0293     37.4507     9.89427     1.79994
21.2793     47.7796     12.1703     0.838504
22.7768     1.87405     8.76511     1.4834
67.7176     66.548     16.293     0.42332
93.5748     55.0017     33.5496     1.38612
96.8094     55.0032     44.7523     0.979309
56.8773     7.0349     24.6271     1.94215
50.1258     35.6889     45.2643     0.529177
86.1561     57.9773     8.86911     0.611838
51.5655     69.0937     3.75394     1.88608
73.9419     68.3922     26.8754     1.71587
3.10266     83.6155     41.3107     1.50868
8.86161     32.5798     8.47485     0.616645
84.4888     56.7577     40.2615     1.13623
77.1378     92.2832     24.788     2.45561
85.2286     70.9739     35.0565     0.390594
88.6525     35.1795     31.3488     2.94033
42.1297     89.8589     16.0317     1.63477
55.8741     43.8827     34.4279     1.65059
37.5155     16.0781     11.6865     1.45122
62.8895     72.158     8.02237     0.250959
83.6021     69.8371     1.83148     1.97381
90.9506     54.6122     12.028     1.06415
86.0992     60.217     43.8468     2.73423
69.3121     27.9675     27.9178     1.56645
63.3872     96.6506     49.577     3.85535
69.1694     71.6422     13.4964     3.006
21.0698     18.247     3.03873     0.35845
66.5932     84.554     18.7487     1.49902
8.29362     34.0803     5.24696     1.7274
48.9979     72.2062     16.4836     2.53709
45.2492     24.5336     14.2807     0.59212
2.71022     48.9103     20.3332     0.550192
43.0571     27.5078     37.1592     2.66005
62.9077     96.8075     35.038     0.595281
69.0136     3.04317     31.3237     0.713141
27.5768     91.2088     13.0526     1.83323
44.0412     42.2668     7.5208     2.97913
53.6578     27.0045     2.38316     1.13357
30.0477     67.4137     18.4671     2.88123
58.6225     63.0394     47.1445     0.794505
88.8692     46.8495     23.8173     0.382638
52.8435     54.6487     19.3061     0.573303
17.6881     32.9013     13.6781     2.43278
50.0735     44.0959     25.3346     0.672821
59.6788     20.1626     10.4403     0.876431
4.69766     87.8873     2.66568     2.30415
71.4246     58.8407     21.8751     1.21341
13.4894     82.3624     17.8671     1.55888
66.3143     76.2944     6.21366     0.819393
35.7869     4.76409     17.8796     1.23554
79.93     48.9565     42.5296     0.69683
5.90407     69.6758     30.7163     2.2607
98.6126     23.7723     11.6115     1.67068
60.1843     89.3662     44.3023     2.98463
85.3537     23.8649     21.2301     1.6033
2.10611     2.27971     5.90761     0.400509
13.3539     53.012     17.7248     0.598325
76.7843     58.6727     22.69     1.84843
48.0389     33.9847     48.3306     1.66963
57.8496     39.1215     32.7293     0.72862
52.3512     95.9696     39.2583     1.45678
54.6423     23.8966     33.0521     0.134058
57.8813     62.7654     18.0369     0.786546
1.88682     1.53244     15.1517     2.70964
72.5288     4.60008     43.404     1.28625
14.2955     36.6947     34.1501     0.809118
38.2272     98.6036     35.1876     1.13044
6.07414     72.7553     42.8284     0.500672
3.26018     61.9415     47.9903     0.877786
98.6362     64.281     16.869     1.84317
98.9357     2.46109     48.2753     4.31693
3.93515     82.4978     23.1352     0.500464
55.2531     31.9272     10.0114     3.76682
61.9792     97.9743     29.4363     3.03077
79.7059     72.3685     14.3185     0.888132
72.4062     30.6306     29.5398     1.71927
49.4307     40.0133     1.47312     0.442141
38.9258     55.6053     21.7318     0.931587
27.9737     72.1006     18.1972     0.0189951
2.73115     95.4739     17.3827     1.5668
19.1661     52.7095     1.21273     1.61896
79.9847     49.2517     27.9068     0.397922
21.3523     92.208     4.16917     1.20417
87.6819     43.1036     27.7097     0.0553948
90.5938     47.3119     16.4035     0.487997
59.6119     47.9273     17.7297     1.97983
97.179     91.273     23.7775     0.926565
53.5213     96.2325     39.693     0.65666
56.1783     2.48482     30.3812     2.75877
27.7999     53.1116     14.2369     0.444349
71.4004     82.5672     44.9977     1.24608
78.7997     69.3815     19.0274     1.14797
26.653     40.7075     1.21161     1.3586
73.7408     29.4654     1.6704     0.20708
19.5542     58.4592     0.541042     0.189056
49.2439     65.3802     47.0633     2.01567
89.5485     74.0716     43.7807     0.810075
17.685     80.9435     47.1152     2.08837
41.6073     22.0422     2.83538     1.55779
96.1137     93.2321     23.6786     0.544638
83.2166     90.7308     49.7063     0.13333
37.4452     92.074     22.8034     2.75651
91.8018     42.884     11.4799     0.395764
53.5827     82.884     18.2866     2.26922
94.8072     56.6105     13.7285     1.9155
76.0456     42.6019     38.0289     1.48141
99.2022     18.2558     19.0457     1.79527
50.5373     71.1746     1.28537     3.10778
2.25304     88.1162     19.4293     2.85689
64.1685     80.89     23.122     2.87113
99.5907     1.48755     26.7886     0.0921849
97.1926     76.5197     34.2497     1.01026
65.3732     23.352     3.65791     0.0684443
52.9442     89.0162     14.8784     1.38004
92.6376     52.7374     11.618     1.28599
27.3702     76.469     45.2672     1.0007
38.0564     89.7181     12.181     1.75389
68.2126     83.3996     12.2836     0.103247
79.4945     92.55     38.9599     1.73177
37.3284     85.4632     33.8181     0.013428
18.8276     67.309     6.20863     1.32349
63.4039     80.4     1.16235     2.14492
98.6609     32.5905     31.39     1.79947
27.7402     1.75789     12.7373     2.32839
43.987     44.0659     26.5415     0.264293
14.6149     18.2484     31.2803     1.64534
95.1452     43.6175     11.938     1.95661
20.6884     89.897     9.9556     0.714954
27.8269     44.06     31.7583     0.933003
28.6681     94.3     41.3255     1.5977
62.078     10.3839     5.07589     2.48807
87.3429     54.5699     4.17382     1.17834
50.2364     65.5768     10.4068     1.13129
73.6013     66.5208     42.2669     0.113475
31.1153     17.8664     48.7424     0.922912
72.4363     5.83239     21.0126     1.13363
71.4092     62.8387     22.6492     1.9713
10.9886     54.9285     14.0655     2.45178
66.6282     94.5642     47.5859     2.61367
16.0886     42.2801     14.8786     0.0279264
44.11     18.9705     14.774     0.536905
13.5347     24.7199     31.5058     1.44151
47.0046     57.4098     19.2634     0.836875
18.5699     52.6759     48.7295     1.73293
94.956     27.2163     17.6086     3.41856
71.8829     93.8469     19.7213     0.799642
12.8174     68.9906     13.3655     1.3176
93.7105     89.7425     27.5911     1.06584
52.7508     30.4234     34.838     0.662033
70.5337     11.2242     38.5222     0.876916
58.9512     57.0796     15.7872     1.5417
40.0076     73.5578     45.0479     1.68591
63.3003     45.2782     27.5175     0.802558
35.9351     6.33625     31.8868     0.228457
70.7152     84.9323     9.78479     1.08208
39.9543     75.4814     14.8375     0.162732
4.51965     41.6984     33.4981     1.7152
8.5577     86.8674     26.1073     1.46586
39.2433     36.8083     49.6807     2.22648
49.825     89.5975     9.00172     1.07012
42.7394     16.6082     42.542     1.14339
79.5657     22.467     5.77704     1.46954
18.8867     39.4643     4.99925     2.29785
19.8995     6.32434     6.13519     1.85715
39.7216     18.8881     33.8094     0.964367
52.6652     81.0203     33.8329     1.73074
91.7262     40.4636     10.7998     0.530647
37.9225     68.8402     18.4852     1.9967
91.9537     70.7745     42.3425     1.58376
89.6625     52.3037     25.4813     1.55088
31.4766     99.6407     42.2187     2.01035
30.406     7.99152     47.1994     0.516695
19.809     47.1317     8.72309     0.588131
17.9062     2.13112     21.719     0.378437
36.3705     73.8616     43.4239     2.71384
75.9927     30.2857     30.9227     1.52138
24.6863     0.431817     8.16949     0.936374
23.4555     42.4574     5.94028     2.87593
90.8525     56.8107     41.8207     1.4595
88.1328     93.55     48.9668     1.37232
97.8575     77.0112     3.17484     2.65669
66.25     62.7651     14.1095     0.131023
36.6267     15.0669     28.4486     0.630969
1.84332     0.64689     0.0742278     4.63479
71.6169     22.5983     45.6989     0.848476
78.2862     44.2209     6.54407     0.981358
75.8713     83.2878     34.085     2.61465
86.5815     56.5397     43.0861     3.68325
18.1485     77.7088     11.8883     2.50208
69.4511     76.9096     33.1403     2.38687
30.7948     40.4621     3.81476     0.868816
59.4436     29.1296     30.3339     3.8796
6.83842     84.4443     13.8169     2.62494
68.3104     82.7605     24.7781     2.38879
98.6096     83.7772     20.7896     0.272401
69.5493     49.4838     49.6616     1.89298
70.7279     88.7477     11.787     1.65192
99.4895     2.01267     46.1753     0.201652
37.8024     93.6281     49.7096     0.464751
9.08825     67.4394     39.6986     0.41628
88.4447     9.67247     27.7982     0.127474
53.5363     7.71724     22.4058     2.55237
14.8663     57.0273     9.64323     0.538147
92.8171     20.5639     3.07456     1.53097
14.192     5.56834     19.9572     1.16401
73.0077     19.3117     15.8029     2.50232
66.3984     51.457     44.9095     0.996732
74.3206     79.9106     9.7875     2.429
87.301     25.4724     5.64194     0.218191
86.9661     76.5373     49.5375     2.66822
34.5497     46.0124     49.8287     2.2691
36.9649     14.7518     35.2033     1.67429
48.0617     3.94514     45.1434     1.75139
80.4825     89.3616     44.1961     0.423836
78.2554     61.6914     47.8226     0.0889902
5.97253     56.8542     8.48107     2.02611
2.86657     16.6195     42.9521     1.99157
31.3713     56.3108     36.6586     0.0565972
41.8197     49.8535     41.0052     1.11511
39.2151     70.4026     15.3894     0.873528
32.0939     26.4241     9.62518     1.90332
68.423     29.0366     10.7642     0.512133
78.8901     3.53881     16.2724     0.905262
91.0387     22.6904     29.5854     2.19353
87.1833     85.147     14.0369     0.399353
43.9575     73.2826     17.3058     0.619027
59.6788     55.168     49.6572     1.68101
18.4916     34.8903     19.8278     0.411965
66.1087     5.431     35.0446     0.503314
60.8406     45.07     31.121     1.02597
0.238015     61.5564     27.0698     0.936482
44.2437     79.2494     42.1383     0.517621
59.0664     42.8655     22.2134     0.995352
27.1777     99.2958     41.3227     0.755661
17.638     10.19     19.4307     0.299965
7.44969     21.8269     38.4724     0.837352
1.80657     40.3364     30.3923     0.38855
74.2613     20.8219     43.5228     0.916172
80.7856     81.4366     17.3575     1.50788
23.411     5.00307     43.1622     0.734578
36.477     67.3351     1.67482     1.91418
28.2056     28.0151     26.0631     0.123347
48.837     39.1719     10.3952     2.96776
6.71882     12.0382     4.53692     1.50649
17.0413     95.3983     22.4107     2.8113
21.8007     17.2538     2.06251     1.47361
81.3881     50.1796     0.276051     0.479682
78.1947     52.6784     6.03029     1.35158
73.3691     39.8031     24.5078     0.136678
94.2687     62.9199     34.2875     0.803466
22.8796     46.0936     35.5777     0.0537168
27.4709     34.0338     23.3707     0.0419999
95.3074     84.1029     21.7783     1.13892
86.0551     27.1919     30.0396     2.23661
99.3405     44.2541     41.7914     2.20945
55.5633     80.7199     12.1813     0.51736
35.3743     26.2489     39.3175     1.53409
4.27033     80.5413     21.6383     0.180539
7.92189     81.9923     11.5263     1.02056
24.0561     62.2324     33.476     2.44257
74.4689     96.164     33.1825     0.745295
69.0732     43.1303     16.4857     1.57746
25.7974     57.932     39.9351     1.68597
35.3187     29.2881     9.67257     1.22053
63.1266     90.7222     16.7073     1.60999
33.8525     66.386     31.8745     1.74731
93.1866     52.3364     9.98818     1.42526
6.28408     77.2731     22.0865     3.47053
58.5081     57.0462     41.3385     0.47944
42.9304     29.6728     45.2195     1.22774
84.3112     49.0575     39.8778     2.07399
70.9434     11.3899     14.1926     0.693689
41.0627     18.8242     19.2143     0.502847
30.1477     64.4954     21.3812     0.659386
76.5355     16.9747     19.3686     3.14735
6.90181     46.6487     17.1572     1.85247
11.144     77.0768     25.1186     0.283185
57.6263     35.3326     16.3115     1.70809
52.3073     71.3604     48.5545     0.359327
41.8018     42.6506     46.8926     0.91921
8.05255     61.2737     46.3715     0.747718
7.92235     27.0575     26.0019     0.953319
19.0339     80.99     6.97037     1.35432
42.2637     6.68383     21.0204     2.5093
33.7413     94.0446     34.6262     1.89378
96.2856     93.9825     16.6397     0.848577
95.2196     96.0463     47.6419     1.58946
93.113     37.1967     33.3261     0.607346
87.2767     81.2742     5.31817     1.0509
75.3188     79.8887     29.4468     3.58022
73.8712     92.173     44.288     3.45454
91.6177     21.5462     18.9212     0.447927
38.2759     87.8342     40.0271     1.56945
27.2992     82.7692     1.83391     0.728799
80.2124     64.0328     14.623     0.262162
10.7392     72.7818     24.2304     1.90192
55.551     52.1286     26.3072     0.979719
69.466     65.8447     22.1185     2.64343
63.3456     25.0673     12.3388     0.944827
67.3709     32.944     8.77679     1.84184
98.7887     61.7906     44.8527     0.133416
29.4613     27.4469     11.5388     0.268074
24.7514     16.6785     0.126381     0.0973649
36.1912     49.8302     3.83388     0.178104
87.012     30.1043     42.1156     2.37877
16.1706     94.3261     22.321     2.61809
43.0849     11.4081     25.6426     1.04461
92.09     25.286     11.8629     0.92586
90.8644     70.2914     25.6872     1.82852
86.9849     43.2252     20.2338     3.95375
0.0378452     90.2349     23.8087     2.36452
34.1629     29.6052     14.1591     0.594868
28.3029     65.173     48.9801     1.04424
27.3697     58.5246     17.3806     0.717734
81.2568     4.40044     43.3753     0.770984
4.12282     12.513     8.07431     1.57463
30.2987     99.8315     2.51061     0.577773
4.23194     91.7717     13.4876     1.91188
51.7101     52.402     25.5353     2.79165
64.915     67.2193     43.6627     1.79763
18.1292     33.1727     4.37001     2.21339
72.4496     51.7885     4.91443     0.137416
6.6218     41.2789     47.0448     0.673111
95.5711     94.6356     0.272158     3.75703
78.3748     72.5255     31.7695     1.50425
37.1966     87.8852     44.4945     1.63838
86.0568     76.8984     38.4144     3.39429
66.1246     17.0371     30.7132     1.75147
43.1074     99.5451     41.4596     1.28141
54.4028     14.952     8.10849     0.227224
96.1306     96.5254     39.1089     3.11276
13.5625     39.6442     48.6423     1.32587
94.8664     7.84079     38.3344     1.89869
50.4152     50.1259     23.8005     0.634481
0.676337     77.2378     43.2888     0.912613
44.2052     51.2049     9.84222     2.88838
24.8099     60.9538     11.8447     1.60978
77.2865     67.5962     40.8353     0.104818
92.6514     62.9519     10.0242     1.50343
39.2128     3.69474     47.5582     0.0599003
75.8559     44.7734     26.7354     2.85972
98.6744     94.1038     41.3689     0.189021
54.4213     66.0491     49.8678     1.58539
46.8     35.3184     26.8295     1.1328
89.263     35.7646     14.936     1.01556
67.0997     39.3582     45.286     0.106482
11.7284     71.2525     17.5896     0.0495735
45.8146     4.90294     47.4014     0.0834841
88.5634     32.9367     24.7088     0.0145925
4.18913     84.5968     0.64166     0.560308
34.4604     61.5694     1.21373     0.418288
23.3373     41.5585     39.8102     1.21429
94.1062     28.316     35.7723     1.99604
60.6891     90.9866     26.6023     3.24391
77.0738     61.4073     39.6443     0.576711
23.2746     99.5203     35.2999     0.869038
70.4866     78.9587     26.1058     2.3035
33.4466     28.296     35.6507     0.526019
89.7033     50.5901     11.0273     0.634
29.1551     68.2973     26.5358     2.78998
47.7973     78.8257     21.5665     0.914194
23.6408     35.6554     0.875642     0.667206
86.2455     23.8059     13.0121     0.927584
65.7604     85.0181     37.0662     0.361766
77.3572     6.91278     33.2902     0.325616
75.2101     19.6519     31.156     1.15037
41.3005     49.2441     18.8873     1.3773
73.05     63.7987     23.0488     1.94052
29.505     16.3591     25.5969     0.235755
36.011     13.5056     13.8612     1.72443
18.9506     69.0137     45.3753     0.987013
74.6589     38.2434     22.0854     0.79797
86.538     29.9285     47.3134     0.27443
23.6206     69.3996     44.7802     0.555405
