168.038     78.8766     39.155     3.9922
182.329     39.5103     16.7611     3.84115
55.5549     110.794     23.8699     3.14435
72.9569     102.68     47.6115     4.58098
127.142     143.459     7.08013     3.03484
3.26011     48.5774     6.86158     4.02088
31.3358     80.1889     6.48952     0.544044
199.785     43.6514     25.6466     4.19556
122.528     59.2063     31.8776     2.62144
98.7166     194.555     14.6258     3.85679
105.349     153.983     20.0114     4.45765
56.6629     70.4917     40.3862     4.59513
13.9511     189.865     26.2998     0.430279
38.4428     132.645     44.5116     1.74446
12.8343     4.00461     22.8851     0.315479
47.656     194.127     45.1104     4.2546
53.3332     107.952     18.7603     3.80124
102.507     133.545     26.5803     0.196402
87.5275     186.367     46.5405     3.60476
56.8587     147.707     31.9989     1.77024
137.572     33.1948     22.0052     4.40038
165.84     66.0674     11.4484     4.46686
70.072     137.334     47.8234     2.9432
131.461     171.735     21.978     4.61985
79.6873     162.953     34.2109     4.55486
96.4981     43.165     47.5126     4.60064
29.532     176.212     32.054     2.15977
123.919     56.2119     39.3001     1.53729
89.4067     45.2213     9.37666     1.38117
111.289     83.3003     8.48035     4.53402
20.6342     25.2151     24.7722     3.80238
196.95     187.001     34.2223     1.91594
149.954     73.7327     14.708     1.16131
116.898     48.8825     7.61949     3.66074
25.095     158.694     8.2051     3.72536
14.906     190.021     2.62646     2.60782
35.2421     48.0125     39.8899     3.66327
131.313     193.481     31.9729     3.79867
18.6961     26.9805     26.0105     0.391161
13.9813     40.931     23.071     4.09839
114.664     151.116     2.59694     0.789036
199.999     40.8657     44.4978     0.627342
199.56     10.8115     43.527     0.361644
0.832322     184.614     29.6946     0.901861
32.6263     78.338     45.6513     4.09848
71.8191     110.497     28.9715     2.26288
137.477     19.928     26.5404     3.78647
60.859     198.446     28.8486     4.38807
149.562     125.782     1.77105     3.73901
166.648     185.075     43.6636     4.15519
195.887     148.762     45.1683     4.91798
133.376     99.4517     8.1984     4.15006
177.79     15.3989     32.4853     1.24022
125.896     45.8274     35.031     1.58434
65.7554     46.2856     3.70805     3.16536
44.7313     130.226     25.5343     4.85733
56.0084     109.221     35.9634     0.566403
94.2967     118.508     47.2159     2.25459
67.2702     169.537     21.7257     0.0161573
68.9886     119.696     41.6622     1.16946
135.095     96.5901     24.0968     1.52478
142.417     36.5112     31.0911     0.204322
82.7967     139.197     33.6968     3.1882
69.4232     36.9245     30.4553     3.13579
146.146     65.6749     37.0219     1.01106
184.183     136.951     32.6565     1.28633
106.488     17.5287     13.0248     4.38692
137.225     18.748     5.56378     1.808
115.338     118.642     33.3278     1.44389
155.153     57.6759     16.4821     0.948755
196.873     0.715715     41.3696     1.6574
37.6402     87.2994     47.9318     4.59465
152.974     139.815     6.05716     3.42893
76.7664     154.855     47.1526     4.58136
172.383     40.7096     39.6828     2.74021
59.4577     180.987     45.4821     4.36989
99.6288     115.24     8.13784     1.36956
172.916     98.4798     23.1831     4.24471
99.1955     58.2107     9.02106     3.42089
145.51     27.8116     30.1554     2.46211
167.627     144.85     8.91038     1.10983
99.7051     24.2518     6.91192     1.80221
64.9614     186.379     45.4242     3.11048
167.366     163.626     24.8037     1.67486
78.8654     131.766     30.4441     1.29453
30.246     14.509     5.39241     3.23604
72.7197     57.6539     16.5693     0.455743
85.4655     186.899     29.1785     1.32731
131.749     152.356     24.3713     0.786361
176.607     125.133     25.8857     1.03922
111.512     85.2399     41.497     1.97194
48.8654     65.2027     36.468     3.19327
196.969     67.6486     44.878     0.680373
82.1576     1.08171     39.1641     3.87193
58.7356     22.9336     43.2767     3.60503
9.83249     89.821     49.3234     3.53955
42.1766     94.7788     43.2591     0.469598
19.9119     76.5792     15.0882     3.2856
161.819     26.3404     2.57541     0.267111
91.5431     156.174     34.6038     2.2128
23.8223     117.927     28.9317     2.6495
119.009     72.3834     15.2143     4.44362
95.3169     33.9641     30.4865     2.62874
123.785     119.239     11.6828     4.14904
14.018     19.7675     46.1864     0.848247
96.3467     45.0982     41.3385     1.45414
71.4386     175.656     17.2125     4.07454
131.829     7.26548     12.8734     3.89129
125.193     167.221     15.4078     1.10505
39.6041     122.488     5.48663     3.37303
156.452     143.892     10.0176     2.00594
63.1316     86.8017     11.5498     1.92874
106.569     30.9448     27.7699     0.0728967
76.0429     76.4334     15.2704     3.68704
52.089     129.932     27.6158     4.59795
137.197     161.957     34.8924     1.55975
129.178     1.20095     26.648     4.21955
123.689     128.538     25.9257     2.00355
72.4309     143.773     40.0948     3.38906
30.5752     6.57853     3.17803     3.42861
37.5233     123.792     35.0151     2.83916
0.225096     1.14183     15.2619     1.30785
131.074     171.511     9.05806     1.70677
133.468     175.802     32.6652     1.56615
177.003     37.253     7.85696     2.5173
165.791     135.131     45.2085     0.955558
78.9043     141.213     43.4462     2.73699
147.792     186.497     11.6559     4.63288
110.289     186.684     24.7203     2.76284
187.826     159.929     40.7069     2.97249
131.44     199.06     46.7926     1.62271
174.862     117.831     31.8885     3.79662
155.084     158.982     13.1392     3.02189
94.1128     33.3909     39.7745     4.32543
174.604     132.883     20.6241     3.0599
119.38     129.12     26.9278     0.74171
115.804     6.59268     35.0455     2.59075
166.522     103.01     5.6324     2.44905
102.07     9.69994     40.7176     1.92329
127.531     90.4245     7.1991     2.06539
49.4065     81.3533     0.87283     3.58798
114.744     162.589     29.1341     2.23371
95.4723     199.033     2.93616     0.371302
128.153     119.456     11.1301     1.09894
126.049     184.703     36.8969     2.31426
87.7124     170.117     47.6331     4.74455
179.817     153.403     16.6785     2.68371
43.8272     95.5102     47.491     2.33084
176.864     193.455     9.18827     2.29019
156.045     153.29     45.2391     1.28793
152.322     192.701     16.5923     2.01189
112.157     110.89     31.1083     0.955138
95.5922     72.021     32.694     4.58261
42.1383     121.308     43.2717     0.548888
74.7112     39.8005     32.326     2.96346
135.311     119.268     2.94302     2.80436
112.723     48.5252     0.945538     1.71921
1.81469     184.738     30.0713     3.85343
177.439     186.655     8.65323     2.23991
97.5441     159.046     31.9505     4.82841
31.0673     58.5778     44.1102     1.83014
179.886     149.528     23.7903     1.36494
189.328     24.4652     43.284     3.11597
143.733     184.908     9.20331     1.41142
33.4331     40.5954     31.3063     0.881194
25.3338     45.5104     47.3462     0.0693313
32.1649     23.9979     23.0924     3.24273
183.044     20.1714     30.7113     0.352785
78.7492     99.2862     21.8292     1.46589
48.8137     182.478     28.3082     0.953546
6.94327     86.3687     40.6952     3.76691
71.2766     199.594     1.78332     2.61774
40.1894     132.358     34.9894     1.63808
177.869     129.342     17.0741     0.250839
153.34     160.666     34.9356     3.40961
180.837     62.5879     37.6239     1.48967
161.874     37.8127     29.5555     0.267197
20.2908     31.455     12.2074     0.680853
117.824     11.6105     44.4777     4.72751
11.2044     185.044     23.4525     1.28485
117.402     33.7674     29.2293     2.38177
163.11     185.214     26.3261     2.91125
145.88     45.0471     13.2086     3.16792
107.635     3.33012     46.5759     1.73773
41.1428     104.526     20.0493     1.53584
135.981     129.027     22.1669     1.34511
140.637     66.5784     10.7262     3.79604
51.6223     136.715     0.808874     4.22561
170.482     120.153     16.0739     3.3398
105.366     169.6     12.5105     1.28114
14.6471     102.876     44.4906     3.05705
106.207     164.266     47.9478     3.68373
68.7919     71.9884     2.19577     0.119316
1.01524     97.4508     14.6443     3.54131
164.029     101.482     23.3735     0.391289
38.1967     96.7297     46.169     0.216974
16.8822     48.9717     35.5677     3.05621
18.5717     192.313     43.3735     0.83047
95.1895     151.456     38.8753     0.0349006
115.723     147.292     37.1864     4.61286
19.2808     157.528     47.3218     0.507402
54.9793     47.8642     40.4871     0.475214
149.346     55.4427     8.66503     4.68857
152.172     19.3363     49.0554     4.22637
68.3079     138.493     22.8257     2.17199
130.806     64.7967     30.0246     0.64988
16.253     75.5994     6.84781     3.29939
22.8918     176.137     29.1225     1.05432
133.665     105.777     15.6172     4.71611
153.641     24.4172     1.91324     2.57468
79.86     42.3131     22.6325     0.80081
61.6494     86.7517     0.271745     3.24893
25.2444     92.3898     4.20923     3.90125
157.186     136.935     45.5113     4.33599
12.5348     9.43652     26.3537     0.885665
185.573     21.9049     19.3998     2.98096
127.682     140.068     26.9707     2.03308
164.485     115.536     46.0775     1.10863
157.849     74.8402     19.0944     0.487453
161.592     77.4645     37.3639     4.67091
169.854     166.292     35.7216     3.17602
103.228     124.932     25.1201     2.89406
134.368     5.89524     37.7973     2.99853
27.8002     28.7883     9.79489     3.88705
168.856     147.062     9.20126     3.33354
62.5979     21.1153     44.4216     0.511166
95.9554     54.0641     9.98619     1.43868
131.529     189.4     11.0959     2.53457
155.693     187.27     7.10593     1.47301
112.201     128.904     43.6707     1.16424
134.799     125.872     41.6277     4.06498
154.66     5.69051     29.5204     3.08791
152.753     154.886     14.2145     0.383767
176.002     34.5444     8.94933     1.79893
88.6085     75.7421     32.3761     0.503428
65.1423     173.888     30.38     0.520871
161.158     149.944     19.9388     1.83398
78.8477     54.4379     29.9822     0.341174
180.31     86.4398     44.0616     3.37425
92.1303     94.3278     14.6216     1.12208
49.2142     115.344     15.0584     0.6304
149.889     96.0311     24.2933     0.962429
171.773     26.6776     14.6586     0.922887
0.565559     180.154     14.4376     4.04308
130.098     137.505     8.77066     0.223647
191.943     155.012     5.64821     4.30632
41.4513     198.839     26.8057     3.33954
93.167     165.709     44.6162     3.55953
81.0535     38.6985     41.8993     0.773552
134.73     64.7703     17.3598     2.66257
91.4479     128.074     35.8546     2.30034
108.228     1.16864     13.4342     0.958152
138.674     88.8195     11.818     3.26543
43.831     69.8648     25.7176     2.13206
68.704     10.0933     4.71599     4.04677
175.803     197.329     26.063     1.4214
36.0273     71.8493     21.9495     4.26892
136.62     157.237     19.3149     0.70169
85.3109     20.678     30.0203     4.83847
21.8467     173.818     7.96622     4.01302
62.6374     79.1368     22.7845     2.66171
149.002     194.008     47.9377     0.442642
4.10167     10.6147     44.8942     4.4976
7.9434     83.8288     9.19004     1.09927
155.678     124.558     3.68189     2.30744
81.7956     91.9873     30.0913     4.17766
112.665     40.4465     40.1613     3.3628
14.2644     192.51     23.7582     1.92254
71.6471     186.171     45.8425     0.516218
180.179     175.121     9.58859     4.60702
185.736     17.931     41.0463     4.84197
101.76     0.945303     9.4124     1.43595
125.504     52.3772     37.4339     0.182479
144.364     70.1011     43.6014     1.42575
110.548     135.051     47.8855     3.1203
127.561     86.5746     0.428431     4.98021
72.7455     185.084     4.96426     1.32312
160.205     58.2114     9.30143     3.64851
76.1424     1.39084     34.9048     4.44755
2.33614     177.269     8.83502     3.19599
29.6461     185.076     33.7847     4.35026
55.1768     109.545     7.76009     4.14311
44.5956     22.5822     22.6341     4.30392
109.157     92.25     42.8413     4.54756
77.3339     191.222     8.70679     0.938466
49.4336     72.0329     45.8697     3.1394
73.4237     123.098     25.8695     1.894
100.367     138.818     0.899884     3.25033
123.894     138.738     26.0059     4.47677
48.283     135.064     36.1988     2.32196
157.646     35.3313     16.2589     1.67008
127.581     36.4006     12.1764     0.122877
27.6227     83.5327     10.6134     1.92641
155.566     25.9327     0.658073     0.724731
149.031     106.11     26.1873     1.23495
44.9287     108.349     44.8528     4.22056
47.087     83.4347     36.9733     2.38425
18.4987     92.6884     47.0621     4.40363
128.02     53.284     10.737     1.39002
89.6846     91.6537     15.129     2.93268
