125.703     54.621     15.6251     4.54787
32.9799     110.478     20.5271     2.32121
54.438     120.725     5.17355     2.46557
76.1577     154.1     41.329     0.779271
21.1005     115.866     14.8951     2.4378
168.862     59.9605     13.4168     2.36413
114.582     116.168     19.12     3.68904
87.4284     61.7812     16.7891     2.26538
74.898     2.12402     17.5086     3.77639
156.224     35.3503     45.5566     4.43312
151.216     41.8069     18.7092     3.00195
101.767     128.504     3.66082     0.408722
44.6721     91.1233     40.9776     1.78295
49.7118     4.32009     49.8333     4.09519
171.024     40.4201     33.0853     1.4613
1.62161     19.1015     32.0387     3.94615
54.4518     110.381     33.7928     0.141692
152.188     10.0078     31.4364     1.34889
31.5123     34.2149     13.6255     2.0306
38.535     53.8352     11.2579     0.238963
94.2553     177.373     17.0026     4.91142
36.179     101.711     34.0845     2.26577
81.5167     22.0442     4.55909     0.500718
162.433     88.5409     0.80321     4.84864
111.55     120.201     42.7123     0.145138
97.5738     38.8598     0.565539     1.8611
77.529     189.274     45.6868     2.24053
101.09     72.1383     40.582     1.58808
160.679     165.541     14.3672     2.08588
23.2557     132.638     11.1814     3.37015
52.8395     15.575     35.1528     3.76033
54.4348     142.874     6.21432     2.7593
67.0667     185.235     21.4605     3.19623
64.281     139.744     17.5371     4.13427
198.017     86.3625     13.9991     0.531814
19.0008     100.722     39.0196     1.79601
39.5633     47.1109     20.276     3.95637
22.4444     127.373     41.1263     0.511533
13.736     20.5018     10.4335     0.818419
121.224     197.812     26.1443     0.938036
173.941     89.3577     23.0801     2.47114
172.95     46.796     22.704     1.04445
87.1135     10.636     43.7217     1.67937
0.604208     73.3664     14.7797     0.576216
0.739929     23.6241     10.8775     0.361898
83.0562     151.79     0.717865     4.43896
78.6203     11.125     27.9059     1.31404
100.483     3.94418     37.8518     1.83582
52.8592     90.0975     1.25717     1.33659
177.682     100.119     16.4701     1.40756
111.244     177.504     27.2161     0.293162
181.448     60.2715     21.2898     0.804713
102.495     0.369972     42.5106     3.88385
90.4675     175.071     2.20437     1.34829
5.35167     196.815     14.7218     0.26544
22.7077     156.135     24.7349     0.00974924
142.324     165.557     44.806     3.09432
177.824     27.2876     16.8206     4.5794
24.1028     126.17     48.4484     1.17026
69.4499     85.2795     30.9126     2.38196
5.61518     107.279     42.4091     2.66724
6.07616     114.265     40.1933     0.754474
40.4347     154.567     19.2474     3.06848
47.3001     124.19     15.3243     2.62134
52.6323     28.3818     48.2028     0.0573731
107.993     16.4124     4.17768     2.84022
181.545     61.8348     0.347717     0.5495
16.4017     78.3803     36.1798     1.59254
2.5703     6.01653     42.1388     0.766332
173.369     73.2866     32.0465     0.650041
101.668     120.997     7.07414     0.241545
137.41     45.0073     30.8176     1.52751
10.8491     85.626     41.9255     4.80986
47.4733     159.094     6.89108     1.25109
69.4062     8.88302     41.1203     4.27686
129.88     192.778     45.1841     1.68224
37.7851     104.007     32.0975     1.72849
47.5755     112.955     16.4074     1.46062
2.42488     65.1935     27.476     1.24746
133.588     180.639     31.9692     0.0748545
189.522     92.3582     43.5172     2.98505
85.136     154.805     46.6729     3.07303
58.8119     115.082     48.0152     2.65969
28.0365     57.6904     41.203     0.66543
80.8246     82.5628     35.8364     2.62779
23.926     22.3862     39.1533     0.336195
34.6233     114.862     12.6716     1.5665
172.553     15.4986     22.3193     1.58938
144.499     100.368     4.2665     4.11324
133.961     74.7622     45.2572     1.21765
5.44429     113.879     12.1466     2.27329
33.42     171.388     8.80764     1.70108
86.2502     85.9171     32.6758     1.47007
81.916     79.4003     11.1249     0.660365
179.768     61.5655     47.7361     3.08557
185.911     4.39415     20.0578     0.483281
175.782     115.462     21.8436     1.55081
1.37891     18.0777     30.2088     2.56986
122.614     79.8393     36.5971     2.55954
141.405     137.333     6.4511     2.86364
46.4263     116.808     5.41188     0.757045
188.841     177.455     4.8954     4.3688
15.2747     81.458     4.91596     0.41634
183.712     154.788     14.3919     2.65815
141.289     34.5118     22.6444     4.69288
151.32     112.225     4.49927     3.50402
89.6805     37.5787     28.7283     1.78825
137.392     108.997     7.29039     3.81666
190.455     48.8254     42.33     2.24976
189.324     88.768     6.89598     4.32592
43.556     85.1515     19.8407     1.95458
89.1076     88.07     13.5538     0.759917
122.582     144.793     4.528     1.84754
73.6878     128.976     4.55712     0.276984
37.9725     47.39     40.9364     0.710676
96.2154     133.065     29.6043     2.1385
21.8335     146.001     14.6442     1.63474
31.1527     137.939     35.8932     3.00651
26.0092     197.788     37.6643     3.71477
142.581     168.769     5.62318     4.98998
4.87809     36.5554     36.5744     1.96415
165.531     164.526     22.4113     0.0875949
11.9161     53.3908     7.98271     2.70329
186.456     150.348     48.4179     0.207244
190.187     17.2521     11.9406     0.404915
68.0443     140.278     48.2177     1.99901
175.15     181.763     47.1036     1.78748
34.0115     62.0938     49.7503     0.60497
45.1832     5.18293     13.0019     0.309292
192.463     9.22798     46.1096     0.407471
23.3383     48.8428     37.2854     4.9622
30.6062     137.556     17.4968     1.61544
199.65     68.9885     22.2041     1.9749
34.6174     157.745     35.7892     3.68409
192.816     148.823     32.0385     4.20411
37.7476     86.323     42.2964     1.70884
23.8791     39.1727     33.2428     0.588229
108.161     21.7878     25.6313     0.597836
101.296     158.156     3.06306     3.39785
115.901     155.409     20.8194     2.71794
104.232     11.4315     19.2205     1.28977
0.336294     14.0633     5.57207     0.952098
61.1968     50.3196     40.6803     0.30491
126.227     147.57     24.3977     0.688077
105.726     109.843     40.8592     0.54069
58.1459     7.22713     5.26857     1.46206
34.8363     3.00379     11.4855     1.63707
42.4128     193.737     1.07265     2.59024
114.582     13.3968     49.4515     0.507702
7.95741     172.281     39.4938     1.65258
179.508     179.049     31.1464     0.01996
24.1555     168.417     30.6828     1.66421
162.154     127.022     42.5445     0.155254
94.0336     85.984     44.1233     0.215389
99.3808     174.299     7.23091     0.565514
135.542     70.8593     2.77807     3.58748
43.1401     169.087     2.40067     0.566202
155.34     145.922     6.94933     4.48738
114.339     150.529     11.5159     1.91232
102.226     59.1959     45.0499     0.0401608
79.9825     35.3393     28.1341     3.07807
4.42672     122.139     36.4427     3.81409
56.3272     169.217     30.7782     0.291677
115.139     150.91     47.7906     0.736943
101.438     37.2262     26.4926     4.47472
53.4678     188.673     37.6432     3.89233
47.8692     130.772     39.325     2.0341
139.896     181.527     12.6003     0.496955
16.8661     162.937     35.7502     0.53232
47.879     144.233     0.651382     3.73294
181.459     108.576     32.0766     0.87317
129.447     76.8837     42.3564     3.65782
39.821     112.426     41.9014     3.12243
1.19803     141.462     16.5751     1.47967
143.496     163.934     44.9974     1.01864
42.8133     170.61     46.466     1.31162
118.53     12.3468     0.503062     1.19942
83.8641     161.895     13.4872     2.12655
103.358     120.249     36.0623     3.54472
139.62     176.564     7.02478     2.5806
27.661     28.2764     48.9315     1.76186
198.886     181.59     30.7348     2.9354
193.937     124.951     41.3482     2.07919
96.3892     159.683     3.0548     4.50633
121.578     66.1679     16.3289     0.623389
186.417     9.56458     41.6811     3.15093
186.128     194.824     7.31529     4.94032
58.5504     77.5479     38.1483     2.15528
105.824     148.319     39.1714     2.61776
4.57628     187.52     1.75352     2.52414
147.202     19.2333     20.3047     1.7195
85.4012     146.534     23.4289     1.79546
156.099     60.44     49.4639     3.55568
55.2635     27.1168     34.96     2.84535
104.665     92.4331     0.00633921     0.262225
36.3358     137.326     23.627     1.0228
124.846     101.522     35.4694     1.8012
120.756     23.0964     35.207     0.153919
102.947     7.7967     16.0152     0.190304
20.7972     133.301     27.911     1.42833
107.674     39.9227     16.8802     0.710746
63.0191     8.34845     8.64666     0.816243
42.8918     112.562     39.5948     3.44688
188.392     26.3359     22.0305     2.2835
16.2691     117.053     18.8361     0.926657
50.354     186.988     23.5498     3.02453
193.14     192.244     29.1135     2.52037
32.1672     183.974     32.3111     2.37966
192.323     163.831     31.959     0.880368
13.3948     55.0774     20.2615     0.741598
172.131     156.391     16.6826     0.562119
143.379     160.93     35.8665     3.41298
43.8941     166.579     20.1319     0.905424
130.41     8.3636     17.8579     0.170067
94.5788     44.5216     17.897     0.178246
176.452     20.872     17.7871     3.24065
75.0609     195.495     40.2257     0.136767
3.85845     32.3344     3.06834     2.46093
111.575     59.3806     25.4295     4.85914
66.0325     126.693     5.0298     1.06211
147.565     91.2675     43.0276     0.708923
199.75     87.0778     38.2607     1.87027
82.5726     113.945     20.0704     2.16078
146.28     92.5548     46.2171     0.578396
176.416     90.4354     1.43133     2.19977
149.816     107.443     20.5891     1.1014
157.953     131.643     32.3866     0.599641
58.3367     149.666     16.6175     0.147548
40.9331     38.5807     8.56471     1.01707
125.658     187.302     28.8734     0.205777
101.247     195.775     23.6655     1.18817
169.966     76.3879     38.1843     2.99455
183.831     35.0936     40.9595     3.5446
166.737     93.3845     41.4425     0.626844
43.05     32.24     7.74392     2.09958
35.9348     99.3723     0.327431     3.10662
148.36     141.748     17.1627     3.30478
71.9852     199.628     13.2266     3.57015
64.8627     177.572     34.8212     2.93497
17.7322     143.995     17.7954     1.34168
43.3675     72.4915     44.483     0.556758
138.736     197.764     41.7688     0.268029
197.392     19.9817     38.3818     1.55637
197.554     92.812     44.9134     0.38216
36.8071     50.8353     17.2384     2.00437
123.327     46.8853     25.6112     1.69476
84.6204     37.1627     45.9511     0.583907
34.9265     150.88     8.51936     0.807965
170.862     187.605     23.6433     4.21039
80.4165     74.2269     45.9255     2.93059
125.062     52.6557     49.3496     1.20972
99.5409     99.8432     29.0449     2.83422
173.427     76.794     8.97197     2.17003
62.4237     43.9393     18.1135     3.6761
192.082     42.9205     36.6039     1.81247
117.147     130.118     47.4306     1.05524
182.773     187.121     22.6496     2.05786
86.9641     6.77803     48.9208     1.50979
75.5105     19.6464     23.26     3.91531
63.9088     7.45832     33.1249     4.5264
137.576     122.222     5.81645     3.00874
120.642     198.347     14.1746     0.105361
29.9183     3.89107     37.5526     2.63572
155.671     43.5281     8.65236     0.489488
137.766     111.576     48.7453     1.46021
109.923     51.6795     15.6557     3.49603
4.56377     171.992     4.31103     1.38875
139.101     17.8799     11.0282     0.7108
64.6003     22.0871     9.48892     4.36308
66.9458     186.996     33.0671     2.72349
41.6425     123.848     2.03635     4.51859
5.28253     36.2815     40.7643     1.74707
58.3686     1.01269     11.1015     3.30338
101.591     158.77     15.3681     0.375063
118.405     69.9179     46.1243     4.63376
56.9137     116.765     23.5725     0.123628
186.416     0.894366     39.3851     0.701461
124.743     165.686     2.20048     1.66177
17.9438     17.9773     12.4952     0.580657
14.0504     137.515     11.1907     2.89104
96.2854     106.235     32.661     0.367254
176.153     115.141     0.010169     0.826673
31.9063     94.3308     9.50302     0.458056
95.2252     195.552     11.5952     0.499198
73.1599     136.42     0.602064     3.18547
191.044     9.79313     36.002     4.17994
124.934     144.049     0.0661694     3.92101
72.175     117.351     22.349     2.63019
2.16016     168.545     8.63134     4.83012
178.338     178.533     40.1006     2.58181
198.944     35.2757     23.6416     0.819325
88.1507     2.08976     20.8578     1.61454
178.747     160.736     47.6175     1.27306
48.4111     190.655     18.3629     0.668733
169.189     33.8541     32.5054     2.29427
25.4103     147.299     6.55949     2.05574
195.438     54.0783     3.94364     2.08972
56.1681     99.2057     37.0426     0.872887
59.9416     138.641     21.4595     3.45071
18.5066     41.9677     4.56892     1.67294
32.6229     91.7274     23.4168     0.0452881
125.582     23.6887     23.3956     3.00257
13.8234     146.315     28.3919     0.980842
93.6139     139.806     30.3658     2.2263
193.884     137.238     43.1602     1.2513
36.4433     120.811     21.2419     2.40962
59.4518     170.805     8.60336     1.94896
12.7731     52.6891     36.219     1.1349
144.417     38.5432     11.8019     1.74995
62.2319     140.79     47.5252     1.90138
43.474     36.7521     17.4426     0.93395
173.99     42.4114     21.8525     0.260825
163.223     172.378     26.7045     0.566861
84.0523     48.5598     2.08374     3.6571
189.35     198.436     5.58488     1.91136
174.381     126.944     45.734     3.70926
6.85248     55.8849     35.4658     0.0193225
101.394     143.215     34.7775     4.63616
191.775     147.445     32.9326     4.52812
145.88     154.07     14.3948     1.19962
91.6985     114.752     48.3907     1.65198
41.696     176.499     3.61232     0.276276
46.8452     173.253     35.9072     2.23923
38.8737     98.8807     18.869     1.14316
154.766     17.3392     11.6248     1.40399
133.054     173.336     33.3637     1.97336
127.406     191.034     31.7297     0.477617
96.9806     99.633     39.6334     3.59564
72.8855     102.162     8.34872     2.79398
126.21     3.98457     2.99198     2.16912
189.593     53.5737     9.77365     3.06618
163.583     128.5     43.3552     1.73424
158.238     175.385     22.4471     0.778078
77.5475     123.183     35.7206     1.96475
32.054     100.368     8.59962     3.9566
99.9401     84.1235     4.14828     3.17125
56.6728     18.1745     20.2916     0.506402
113.192     106.478     35.4048     1.78574
81.8632     31.4072     25.6381     3.98527
145.803     72.3993     36.2271     1.25388
118.766     189.937     36.0253     0.467647
74.061     160.694     36.389     3.26834
178.869     26.7224     37.7475     3.13859
81.3097     40.6156     30.3     4.86254
147.093     62.8191     16.4827     0.723912
94.2263     168.483     47.0918     1.22041
13.9184     26.3679     8.86522     3.99303
98.7673     180.369     2.46911     0.438324
170.307     153.978     9.05971     1.1092
114.672     181.795     43.7754     2.33851
8.51725     126.091     4.77102     2.24567
166.707     140.284     21.0821     2.84501
3.10329     150.259     35.6892     2.43324
157.492     181.607     23.0956     1.40648
91.8258     151.753     16.1122     2.50858
77.8442     83.5328     47.5425     1.11378
23.817     74.4983     39.5879     0.673007
24.7577     101.108     31.0625     3.58751
52.0032     168.544     11.4958     0.349491
70.803     119.775     36.5657     3.17599
29.8063     122.914     24.4869     3.0408
45.9292     12.145     49.2655     1.74366
86.6434     155.414     24.1666     2.78503
91.3125     131.063     19.6196     3.58289
99.6074     124.461     39.3238     4.26026
44.2368     103.558     24.3625     1.85108
26.4724     195.398     48.9188     2.52848
157.794     17.6502     13.4125     0.0930817
6.12566     170.136     6.95992     1.56619
13.8045     29.88     6.42019     2.8353
86.5344     181.272     18.1553     2.82517
85.9467     67.7959     34.5468     2.89355
118.508     11.6568     8.04515     3.11584
181.793     60.0203     46.8203     4.32113
63.8673     153.8     30.3707     3.76004
135.073     194.104     15.8521     2.79357
62.4004     77.5544     11.5517     3.70868
145.35     184.394     16.0223     1.59646
156.29     175.773     37.6723     2.47628
79.3959     127.406     25.2649     0.361717
42.0226     172.418     33.0644     4.68432
92.6162     39.7234     32.6768     1.22265
15.4967     81.3963     36.9894     3.24882
129.17     18.8955     31.1861     0.214155
146.302     25.8042     5.75872     1.69529
190.272     149.246     12.9306     0.807374
121.665     183.98     4.91698     1.96193
180.326     70.8992     7.83514     1.82356
110.623     162.048     30.4622     3.15298
73.3811     69.0442     26.2066     0.0637861
87.9397     29.5711     2.77941     0.856034
55.3753     34.1525     25.5133     1.14119
183.399     153.775     19.4856     2.62659
137.755     97.6105     45.8852     2.95204
168.51     14.8813     47.756     1.97831
176.929     112.873     1.31288     0.509327
182.679     61.3237     37.7783     1.4015
108.377     64.4761     48.086     1.15331
190.766     155.238     2.43215     4.19238
68.1108     14.9801     47.017     1.26974
76.3038     139.181     26.7124     0.16679
195.121     165.461     6.24478     2.01578
35.1903     77.528     5.37927     3.4768
72.5266     18.6964     46.6599     0.86533
189.918     141.11     6.24804     1.65555
97.3031     97.8727     39.0109     3.31233
175.401     177.561     17.8913     0.188268
185.611     97.9176     37.0095     1.45344
116.614     134.678     23.1877     2.77988
85.5314     57.9605     24.1356     4.79058
32.8986     49.5848     41.4564     0.570419
190.695     190.818     22.2597     1.77467
122.66     161.932     36.5997     0.499067
59.8051     102.442     38.114     0.880146
80.003     24.0213     10.6841     1.64035
121.939     190.775     30.938     0.963824
125.452     16.5029     37.437     0.274595
74.4634     46.2907     0.651733     2.68405
95.8754     168.433     32.5447     2.16427
181.15     103.956     25.4681     1.02387
6.3988     54.3285     19.0402     2.16005
78.3498     118.897     38.004     0.00721751
109.672     75.7679     9.71041     0.878107
34.8805     48.715     18.524     3.2689
23.4922     174.884     14.5769     0.11605
78.8403     160.18     11.3992     2.13098
14.5087     121.758     42.9102     2.32146
120.579     31.5593     14.6074     3.88648
78.4254     132.127     41.2337     3.93164
92.3074     10.5316     10.6262     2.6704
137.802     92.8217     30.8178     3.43068
140.282     87.3523     25.212     0.513903
123.925     81.906     31.5739     0.405809
92.4376     168.8     30.7621     0.618172
182.946     122.723     49.4178     3.01871
15.5447     120.942     14.4939     1.00888
100.278     67.7786     33.3226     0.605083
149.685     59.5862     10.1089     1.05305
28.3867     163.484     16.7123     0.283319
86.2071     64.5203     33.0203     2.54379
185.463     190.057     35.5267     0.378187
76.9554     127.851     46.2685     1.28015
14.4436     175.577     11.3337     2.20248
63.9208     185.65     2.13477     0.340135
45.2361     48.9748     13.9319     1.84057
12.4589     122.577     21.2389     2.46665
187.097     17.0367     0.104454     4.31399
7.09373     142.525     46.9218     2.10123
148.338     180.59     43.2297     0.809879
176.732     25.2782     4.18273     1.01632
10.9281     25.27     13.5646     1.4041
32.5626     14.7424     46.3424     0.491488
31.7791     185.788     48.0548     0.971821
128.312     179.906     30.7305     4.9672
152.667     58.177     20.8769     2.52512
38.767     56.4263     33.35     0.38748
81.7045     150.131     14.038     2.31582
175.401     110.411     37.1992     1.24114
20.3966     78.5837     34.0874     1.32398
93.326     121.719     18.1547     3.12763
107.507     64.8378     40.9945     0.895476
145.077     118.015     24.604     4.5961
174.441     31.8159     49.8358     1.40364
176.159     143.343     9.81541     1.73712
176.718     158.568     2.09705     0.536548
160.91     117.289     43.5971     3.38379
29.2267     140.275     22.0999     4.87831
37.8505     95.3933     45.3588     0.350231
38.7365     20.6967     20.8735     2.59497
132.577     78.0838     19.092     2.73238
66.9186     47.0521     5.97833     0.400582
20.7836     15.4104     36.7687     1.25026
130.868     26.5779     1.88641     4.24011
169.123     149.771     22.2867     0.144377
169.534     160.558     12.6853     0.911305
7.61012     74.6544     13.1189     0.709842
90.0649     199.55     19.601     1.14377
137.872     8.90005     44.3128     2.6749
86.3014     0.665261     38.8445     1.39587
89.6275     123.953     36.8943     1.20747
190.351     60.3482     10.3744     1.9163
61.0135     196.876     33.1218     0.555919
63.9283     71.1958     23.297     1.57765
127.072     38.4187     3.10222     0.744526
119.146     159.111     17.5906     0.219339
83.0641     17.9397     14.2681     1.83537
107.329     152.608     45.5522     1.92164
140.906     36.8154     47.679     0.120846
108.011     83.904     16.985     0.877082
122.323     80.3489     16.2161     1.03672
153.166     107.315     48.9847     0.786358
5.88469     146.006     42.6889     2.53326
28.5602     132.294     49.9427     3.39722
84.9022     181.98     3.18865     0.645193
18.795     3.47047     7.66038     3.17016
87.3745     98.5815     40.4724     0.242428
178.93     26.7538     12.7915     0.459756
8.72293     136.853     36.6503     0.365191
97.6883     60.0626     40.0902     2.91208
63.533     191.002     10.8224     3.77269
89.5839     5.17906     40.1512     1.71286
31.9329     11.7705     21.7261     4.84784
164.672     55.6618     34.1273     1.18826
173.019     52.4473     39.7374     0.566745
168.156     6.25772     39.3057     1.64611
66.3203     117.584     45.5819     3.24633
30.7963     41.3655     16.671     1.56823
53.136     153.589     14.1607     4.15787
181.407     165.703     22.0541     3.65197
77.173     152.559     4.26339     1.13323
91.8601     93.5011     38.7477     0.0111545
119.118     35.7515     49.654     3.74786
77.1169     65.3003     3.16091     3.25632
18.8889     69.2863     24.1419     0.00740618
34.9893     184.784     36.5938     1.40885
9.50984     139.985     12.6845     2.16707
92.5441     67.7915     33.003     1.28403
136.686     31.489     33.5936     1.39512
67.2405     132.99     1.42979     3.60894
198.291     18.3628     18.6526     0.429489
27.352     124.239     18.3795     4.10096
155.729     7.89239     4.96077     0.574225
43.925     41.9368     39.0882     3.28935
13.1148     173.829     13.5531     4.22692
137.68     33.205     33.6372     1.03789
62.9355     186.704     9.47389     4.01144
181.458     182.104     47.1434     3.05852
7.66611     155.9     15.3786     1.28978
197.837     17.8672     45.7913     0.273788
191.696     37.3776     45.0071     3.23439
101.281     8.78692     23.4939     1.80378
167.589     32.6346     17.476     3.72618
14.7385     58.4777     17.847     0.560115
14.3777     132.902     18.4989     0.30536
150.769     57.1609     5.79149     3.56163
117.772     42.7324     24.6598     0.476316
51.5193     192.615     22.801     3.64857
194.212     120.147     25.8186     0.22377
178.624     174.662     7.83885     4.82505
107.564     105.351     1.30409     1.45834
162.512     28.3823     0.199776     1.42626
113.426     59.605     28.2087     2.5016
21.1828     163.077     13.5728     0.384876
83.2237     157.566     6.08646     1.5462
132.228     55.7012     13.7125     0.99481
88.4485     98.9253     45.1537     3.00063
123.597     37.7747     13.4575     0.925579
97.3797     166.665     34.2718     2.96406
129.742     191.379     33.4894     0.324135
148.944     158.303     18.7033     2.02931
14.0046     129.663     30.2412     4.37642
189.729     19.091     24.6553     1.95445
82.0226     67.5768     44.1299     0.140498
105.351     30.3496     10.6608     0.0682795
197.014     179.73     30.3234     3.1689
13.5545     14.5346     0.306445     0.688978
144.198     122.191     0.654005     3.34818
141.282     101.237     3.0263     1.48245
180.473     10.3084     37.2199     1.5624
155.749     110.759     46.492     3.81908
162.513     19.2404     45.4129     4.40168
105.068     6.24227     27.975     1.15874
107.48     124.005     26.4119     2.19882
134.314     54.5272     37.6122     0.304971
129.324     181.403     22.1097     0.495324
88.6648     167.958     20.3528     1.27944
187.198     63.0631     6.81115     0.524334
45.9407     30.8709     49.7365     3.77522
37.1131     110.846     49.3396     3.61482
1.55911     176.799     18.2838     3.27207
158.203     161.574     37.6739     1.17169
95.1702     125.29     34.426     3.52777
156.161     136.65     23.0299     4.83184
192.484     170.412     12.8782     3.75044
153.406     32.8769     21.8693     3.87413
122.187     36.5438     3.68667     1.29298
86.5297     125.382     43.162     1.97535
95.7936     24.1607     7.25785     1.23
57.0376     116.509     1.04131     1.66785
126.557     49.3396     12.7568     4.8802
162.131     19.4769     39.7573     0.00531739
107.352     31.3821     6.63906     0.0786331
55.5429     55.5876     13.0863     2.81451
172.096     56.5104     44.8236     1.23044
146.524     13.8873     12.1314     1.82703
63.2269     99.553     17.0723     0.633956
1.99548     71.829     24.9585     2.73368
181.978     164.838     17.8336     3.85185
64.516     51.8174     10.2382     3.19357
151.37     109.242     38.2753     1.76001
136.56     178.672     28.7652     0.695987
198.698     128.155     45.0328     0.0173264
199.984     79.9652     27.5101     2.57989
187.371     133.284     35.6019     0.217967
183.913     145.699     44.1477     1.21072
197.517     17.5436     44.043     3.72217
126.786     129.273     4.82181     1.58365
107.945     134.348     22.7964     2.66607
62.5034     71.3166     26.8339     1.5622
151.282     17.376     41.4209     3.94093
39.9088     27.6332     36.4926     0.681982
160.917     88.378     8.99949     3.62075
34.0771     12.5886     48.3148     0.789843
98.7038     199.768     5.06594     0.166222
134.116     111.449     28.3229     4.91548
38.0032     24.7907     22.9212     1.9478
52.4239     37.6553     26.2978     0.33353
153.778     151.43     47.926     4.59775
120.861     172.185     35.2069     0.489127
171.953     161.092     6.55349     2.65171
72.5407     139.505     25.672     1.38266
160.133     161.795     47.3385     4.9534
186.586     81.0388     19.0119     0.975241
118.694     181.239     13.0877     1.11818
122.428     10.5223     1.2094     1.90515
161.953     196.542     15.029     2.07035
168.726     0.943709     25.5948     3.51698
162.035     128.593     11.6869     0.864398
68.0984     149.436     22.4706     0.705778
111.231     79.2364     6.59174     2.44541
160.275     102.415     34.2065     1.97423
83.6538     189.177     30.9241     0.15205
143.348     146.845     8.62029     2.63457
109.078     198.134     9.92777     1.73382
165.714     72.0183     47.5712     4.13532
0.552353     72.5728     31.7661     3.1407
14.9767     171.53     4.85753     3.95811
107.25     147.41     2.98439     0.194982
123.947     160.259     48.0005     2.24153
32.2778     182.287     13.7685     0.820754
54.8597     182.138     39.6146     1.74591
153.669     177.888     7.04018     1.80109
112.321     40.4432     17.9065     0.489278
43.8231     19.3725     0.365415     1.90252
1.65936     56.5355     27.2328     1.41298
45.2775     154.516     16.0965     1.92693
133.447     176.761     17.7398     1.14419
17.2039     142.585     16.3347     0.126433
26.1489     92.7091     29.2145     1.7493
174.855     55.0039     42.565     0.338224
0.4992     88.7645     9.85845     3.34865
52.9784     45.0523     21.9466     1.97818
137.761     4.6444     37.2748     1.24607
122.964     95.1721     40.896     2.44548
150.176     133.844     27.837     1.81423
173.752     18.5403     30.4805     0.981931
146.688     9.79283     15.2598     2.11123
14.4372     10.1383     33.573     3.43503
105.31     97.8759     8.80509     1.38716
31.7197     146.568     32.0139     1.55447
63.7879     168.295     35.9424     1.28162
53.2828     122.876     9.81013     0.67587
141.416     161.162     16.578     1.75875
62.7978     188.318     13.0654     0.237138
198.111     113.301     23.4837     0.313713
123.439     28.2266     37.4874     0.718733
126.102     185.17     21.0589     3.94555
180.587     163.771     11.6978     0.846733
86.6469     86.0316     15.226     0.701584
47.194     127.216     24.6033     2.7498
115.535     150.675     29.8693     2.84115
63.9753     13.4119     31.5486     4.68536
112.691     145.564     47.1449     2.33193
115.267     122.458     19.647     0.770038
73.1331     198.065     36.1119     3.42771
11.4772     70.6419     31.1307     1.32789
146.786     140.686     5.21419     0.202511
91.984     189.733     11.7633     0.0329729
25.1033     174.2     49.3252     3.66263
143.804     193.689     27.0797     0.423433
191.755     52.7662     38.5114     0.0807982
123.408     78.5684     14.0869     1.75486
19.2546     77.2045     19.5737     1.50851
35.3695     114.228     10.1974     4.9405
135.574     155.891     18.7843     1.98445
149.58     183.456     24.0789     3.53338
128.93     0.914642     7.45612     3.7046
78.1191     108.119     2.1311     2.54359
187.567     22.6408     4.33797     1.4187
83.8105     134.279     37.758     2.9795
48.5073     191.821     29.2     4.60203
147.712     191.937     15.8648     2.43231
175.393     159.775     9.65689     0.290378
184.109     1.06986     21.8124     1.55571
118.415     181.324     38.376     0.0556302
96.3574     38.2051     37.0478     1.10174
30.1422     11.6505     35.3405     0.13838
189.466     7.87597     2.38042     2.46637
103.65     173.493     48.8527     0.551615
154.817     148.915     6.07245     1.7605
183.9     182.721     48.4695     0.351059
115.23     36.7279     36.8396     1.96035
25.1237     67.9846     6.42688     0.364732
8.72264     108.655     0.393768     4.08849
51.211     54.7066     42.3756     1.13957
189.947     189.08     2.84501     2.62941
25.8079     158.738     45.8977     1.27329
44.5274     178.765     20.5235     1.33125
109.534     50.7494     14.0023     2.02734
171.545     6.05618     4.00828     4.03728
195.136     27.4131     16.667     0.523601
186.151     50.2586     17.9689     0.321855
59.5568     137.396     28.8644     2.6021
116.161     197.552     39.3336     0.089516
24.8735     4.57886     17.962     3.60282
121.417     108.402     28.6407     2.32404
114.458     130.596     13.6132     2.73986
158.009     121.121     32.6346     3.60401
171.379     2.41398     39.2587     0.773398
139.81     72.4923     33.755     1.39929
70.0438     92.3544     14.8881     3.78161
66.4784     8.12191     35.5047     2.2838
12.7008     13.867     8.86613     3.35294
122.269     150.027     6.76976     0.918176
80.6232     81.5318     36.5803     0.965806
2.65241     76.8597     45.6982     4.35079
79.2737     139.827     1.24187     0.477104
12.3196     139.988     18.764     2.05909
32.342     134.608     8.40695     2.47051
142.73     175.647     47.5431     3.88577
189.514     25.6369     22.3871     2.79456
198.159     94.8309     23.7299     0.0202939
171.691     77.7123     43.7108     1.27411
17.5396     179.811     17.5121     0.74648
119.798     145.104     28.0556     3.80351
79.7125     145.85     12.7402     0.561065
121.497     41.1333     44.4684     2.77526
66.7701     67.422     5.69827     1.06086
184.05     171.303     24.6804     4.55522
66.1335     193.641     45.7552     0.945603
71.3537     157.864     22.1971     2.22233
137.675     158.837     29.6881     1.43683
103.941     30.9751     2.40343     4.59134
51.3916     32.1262     2.72808     0.886029
3.42882     109.634     4.41252     1.73906
158.535     196.175     15.8806     2.40524
155.012     182.275     38.4207     1.47381
13.25     163.297     10.6515     4.75189
32.6718     97.7311     23.5142     2.10159
14.6033     137.155     0.712107     2.94697
137.825     110.235     23.127     2.409
106.41     156.03     48.1424     1.53553
11.6822     30.0286     14.7498     1.10885
127.76     153.056     32.1044     1.44042
58.0255     47.9221     47.7258     1.81572
185.077     193.751     47.6269     3.07255
103.986     83.0153     4.81559     0.259902
158.085     192.191     32.2265     1.69084
100.565     60.053     2.80191     0.70812
13.1091     139.625     21.4854     1.77836
17.2862     114.788     46.2447     1.40829
126.621     56.7961     8.42062     2.11763
48.9874     162.588     38.0847     0.10397
13.4456     182.22     40.5037     0.663869
121.845     47.9564     24.4223     2.73481
175.724     177.542     42.495     4.82524
92.3308     154.959     12.3354     0.473783
11.7548     83.024     25.9141     1.51856
45.6123     55.9953     16.2253     1.96843
9.388     35.9134     3.10674     0.570841
22.3981     147.078     12.3427     3.67998
108.929     112.577     39.316     0.0315039
67.5354     6.60539     5.05287     1.98225
179.863     4.93337     3.4947     4.73128
40.8468     26.4058     3.02125     1.4745
0.847428     61.4734     49.7397     0.581138
25.6182     118.6     22.4765     2.32884
125.205     110.118     43.1109     0.370858
33.9856     112.476     37.519     0.346225
117.41     164.055     0.775083     3.95641
64.5248     184.998     20.5729     1.10603
162.227     22.7935     4.20292     2.18579
132.911     189.255     25.5665     4.17242
101.732     52.3421     45.1865     0.478528
16.3969     183.846     44.3493     0.171437
199.031     194.634     49.5414     1.89225
10.8291     12.7191     40.225     1.88385
197.717     43.1916     29.8988     2.39393
86.8188     52.4826     4.85383     1.22614
75.2762     36.227     34.1193     0.204683
118.386     112.505     3.59942     3.23039
125.224     175.298     1.14233     3.07354
176.647     38.1142     38.5884     1.29808
74.3412     90.8308     15.0277     2.49559
129.574     35.1948     6.75941     0.516482
97.1453     42.4811     17.3521     0.388291
154.986     83.806     36.1868     2.00526
59.1037     149.316     0.788058     1.93982
73.4809     21.8512     45.7252     1.2532
59.9654     137.254     25.5129     3.35766
72.2968     91.9845     46.0345     3.28501
41.3009     187.29     2.24833     2.86955
9.14131     191.894     41.2275     1.72767
29.1236     37.5434     28.7233     0.662015
199.672     133.945     16.2444     3.71532
122.436     12.2151     13.135     4.86831
23.9681     135.126     15.0706     0.827736
127.02     25.1924     25.554     1.40423
143.173     128.296     36.9395     1.0471
21.5078     162.62     43.789     0.529485
96.5652     40.1335     42.448     0.475022
59.0101     139.866     25.5121     2.07445
74.9921     162.331     29.0219     0.0503127
187.523     18.3037     14.5454     1.99193
123.933     71.5846     0.238667     1.67765
199.881     148.713     27.2475     0.534714
111.333     84.1458     10.642     0.197461
124.279     12.36     6.72483     4.41569
34.6922     40.6326     33.294     2.34256
180.499     35.2244     44.1701     1.38727
111.072     115.685     16.189     0.87512
187.269     65.7106     25.5277     4.67875
14.4233     11.1006     2.13467     3.14391
95.2463     51.1067     33.4137     0.488138
63.4667     160.554     49.0383     2.45397
164.553     168.541     9.29405     4.05272
61.3095     94.6794     36.7969     4.30953
77.654     109.497     46.196     2.30193
120.597     193.323     4.45847     0.396088
44.4292     151.489     8.84227     2.6974
112.043     31.5223     1.51369     2.83075
160.851     197.916     23.7288     3.13512
166.457     132.092     21.8784     0.69417
26.771     34.7014     0.0369967     0.928382
46.6448     7.53397     8.69224     3.10747
117.031     19.5528     4.09406     0.940696
12.8753     34.2101     13.3678     1.43261
185.699     88.8404     41.3001     2.44355
169.171     105.887     1.65476     3.39071
37.979     94.1328     40.8488     1.61875
128.834     163.543     25.4713     4.38697
150.364     179.207     6.59671     3.40158
68.0473     191.587     8.45132     4.71025
162.842     44.7773     17.4061     3.30034
170.376     31.037     13.3484     2.48026
194.58     155.279     18.6723     4.14143
91.933     174.467     13.4412     1.2035
90.6212     179.501     4.30556     1.02464
158.707     43.6091     44.2621     0.668868
55.6311     84.7891     32.5131     0.157395
161.032     197.694     48.7349     3.28521
28.7312     48.333     7.65468     0.582785
3.61185     105.308     47.2422     2.38862
79.7751     42.7336     35.9212     4.25991
4.51613     188.43     1.92405     0.992813
107.65     167.804     15.3028     1.71706
165.498     56.1505     0.0227292     4.85573
104.484     30.7096     4.38515     2.70238
136.018     6.50922     0.910054     0.394817
49.2428     147.325     46.5472     1.78692
108.232     197.571     13.1046     2.8187
82.9756     190.212     10.05     4.76564
158.016     101.411     14.827     3.08784
157.562     59.3991     29.4357     1.55113
90.1087     135.284     42.5352     0.653158
141.793     173.781     10.4797     4.77589
121.106     28.1079     15.6281     0.733446
25.6785     114.931     35.5215     0.291983
175.045     94.5466     49.2411     1.45052
138.576     107.955     41.572     2.40343
167.354     84.031     39.5456     1.43656
102.104     125.508     38.0357     0.580243
129.586     194.634     47.7434     2.61578
119.253     183.001     14.9538     2.16518
146.321     27.6586     11.8634     1.21061
153.166     199.596     17.9086     2.66955
118.815     77.0498     12.1172     0.199885
64.9876     11.1207     45.4835     2.25225
181.648     113.583     7.07006     1.21701
131.58     172.35     33.7567     1.94752
0.00864305     182.481     31.5813     3.82938
182.077     197.959     14.9893     4.90822
122.141     146.033     35.0415     1.02391
23.0833     188.635     12.238     2.20177
199.755     30.8859     44.5402     0.554373
29.5332     31.9284     40.962     0.279538
145.511     192.128     14.9655     1.92728
79.2767     177.619     38.9439     0.0354471
84.5764     91.3261     8.70166     2.1083
62.4827     22.7888     16.8745     0.674022
103.807     109.109     38.6236     4.5771
86.7285     110.27     46.1255     0.259522
6.21142     26.8763     39.2791     2.26969
118.202     191.923     43.7799     1.01036
4.89062     81.6264     48.04     1.24466
151.981     155.087     10.0483     0.361593
130.182     32.8723     47.6501     0.849727
141.982     145.095     4.26829     0.717756
55.3646     1.57517     9.77278     1.5394
188.131     127.483     46.7671     4.82554
134.315     83.0013     43.8886     2.80476
190.693     16.9791     26.9359     3.02186
43.4388     171.937     5.13584     2.47009
173.512     59.6345     40.0949     0.0490843
55.8422     112.743     37.1543     1.09933
40.2267     135.686     9.24865     1.23341
114.914     79.8026     2.60681     1.23073
2.96085     69.163     18.5928     1.32031
167.507     29.2347     11.1613     0.273645
124.823     70.1287     44.1617     4.51664
182.872     125.264     6.15963     0.577467
60.9498     61.6331     18.1088     4.3966
141.436     82.8624     6.2733     2.60599
55.6757     132.107     31.1543     0.579567
161.342     169.263     8.53212     4.06283
34.4514     143.878     34.2992     3.98187
39.1071     164.579     4.99427     2.50142
175.275     101.014     17.9717     1.10297
61.7305     40.541     41.5963     0.576813
9.80359     0.513724     46.3965     1.10637
144.391     122.783     0.882397     3.95995
36.6257     143.47     38.8191     1.89332
108.048     175.253     43.9475     3.3565
67.6656     51.7108     25.4768     1.07351
152.725     173.794     21.7648     1.00629
43.5237     149.84     47.0551     1.33318
150.353     173.806     24.3956     2.36862
44.5815     8.41893     2.23681     3.81574
183.672     184.737     21.7224     1.28345
36.4478     188.797     23.5695     4.72932
162.591     181.337     7.35613     1.6502
184.32     12.8788     7.78895     0.696092
162.718     19.3761     20.2928     2.82679
193.182     178.753     1.95412     2.24427
16.6695     163.966     26.0971     1.32793
152.763     198.666     10.5725     2.88384
84.5934     12.5176     48.0418     1.18279
31.8936     73.3382     40.0959     0.626895
52.0915     168.2     28.7117     3.29892
29.1591     137.832     14.1008     2.46343
169.764     133.48     37.8969     4.66084
97.4458     55.9757     9.88777     1.25521
54.6421     81.8411     41.3906     0.866143
153.556     146.924     49.7423     0.953725
14.0443     131.258     12.1307     1.08008
69.0895     104.926     35.4351     0.971345
38.4059     93.3279     6.3219     3.39629
149.304     64.8387     46.5151     0.0986443
146.68     151.622     9.64787     2.50589
98.5464     37.5607     34.5961     1.4497
28.6971     23.8452     12.3308     2.32929
196.992     58.2605     31.7343     1.65203
163.187     68.6775     26.2337     0.0398134
191.407     180.361     7.91529     0.502603
44.9485     83.4975     6.63951     1.00024
4.08793     87.4633     26.7926     0.207347
168.448     20.4462     20.5473     2.87914
143.46     39.8183     14.7189     3.11835
124.384     68.6666     17.2987     1.9407
183.393     15.248     48.2193     0.708524
161.248     50.1013     46.9691     1.42268
73.8285     43.6785     35.9933     1.94791
131.142     51.1437     21.5526     2.48973
71.5898     168.4     3.68875     0.37624
24.2263     3.10734     38.5077     3.0743
72.4826     16.5957     10.1744     3.65778
78.8373     105.76     30.6135     2.17638
71.2157     29.8878     11.8444     2.38605
32.9952     1.40834     4.60345     1.38844
23.7896     47.1332     9.83197     2.40681
63.7289     80.0253     10.6458     3.10008
64.6961     66.8108     28.8548     2.51276
177.249     6.42435     1.9787     1.40215
112.185     130.369     35.7852     2.28938
192.606     162.799     3.31585     1.59554
192.686     60.6411     39.8159     0.642039
24.8107     120.547     45.5278     2.21349
0.572351     24.6946     3.13568     1.63171
91.5054     127.962     41.4447     1.71885
134.386     173.694     31.2099     1.16427
104.062     67.9808     34.5365     2.41671
30.7793     151.41     40.1226     0.58664
12.0506     119.754     12.2868     1.8525
97.4314     130.366     39.9848     3.05605
50.9133     142.05     2.69542     1.28714
166.745     23.3244     29.1885     1.45626
151.286     82.5331     31.7511     2.14181
119.825     70.3893     14.2394     3.7651
21.7988     17.4479     43.5174     0.846235
137.202     23.2168     26.9874     0.865833
153.583     67.8885     39.2189     0.11241
55.2692     161.938     6.98504     2.7874
13.7824     160.183     17.9463     3.34018
30.5726     128.743     21.0528     1.30928
146.191     58.2808     21.5552     2.08482
81.4976     194.17     29.5065     0.877017
62.0586     74.9015     9.89427     1.79994
42.5586     95.5591     12.1703     0.838504
68.2952     83.6153     43.952     3.08911
45.5536     3.7481     8.76511     1.4834
135.435     133.096     16.293     0.42332
127.266     183.198     13.0034     4.73312
58.0997     91.5906     15.3306     2.51646
187.15     110.003     33.5496     1.38612
193.619     110.006     44.7523     0.979309
113.755     14.0698     24.6271     1.94215
186.654     172.987     42.1881     1.11884
64.5779     30.0748     36.3529     1.29319
140.078     79.6102     26.7931     3.34243
189.617     86.1818     43.2174     2.58428
